Time (s)	Fret_1	Idl_1	Donor_1	Acceptor_1
0	1.412882e-01	0	4.081653e+02	6.715749e+01	
5.000000e-02	4.318141e-01	0	3.036207e+02	2.307479e+02	
1.000000e-01	4.115174e-01	0	2.780398e+02	1.944292e+02	
1.500000e-01	5.535281e-01	0	2.353837e+02	2.918246e+02	
2.000000e-01	7.727925e-01	0	1.130920e+02	3.846558e+02	
2.500000e-01	7.706035e-01	0	1.176035e+02	3.950614e+02	
3.000000e-01	8.396231e-01	0	8.628532e+01	4.517306e+02	
3.500000e-01	8.018238e-01	0	9.635307e+01	3.898460e+02	
4.000000e-01	7.836719e-01	0	1.030825e+02	3.734277e+02	
4.500000e-01	7.892101e-01	0	9.591545e+01	3.591133e+02	
5.000000e-01	7.878909e-01	0	1.123242e+02	4.172343e+02	
5.500000e-01	8.262166e-01	0	9.032542e+01	4.294332e+02	
6.000000e-01	7.897284e-01	0	1.102169e+02	4.139476e+02	
6.500000e-01	7.877889e-01	0	1.077903e+02	4.001487e+02	
7.000000e-01	8.321312e-01	0	8.512358e+01	4.219604e+02	
7.500000e-01	7.994995e-01	0	1.036057e+02	4.131296e+02	
8.000000e-01	7.879706e-01	0	1.130124e+02	4.199911e+02	
8.500000e-01	7.842135e-01	0	1.078337e+02	3.918903e+02	
9.000000e-01	8.300098e-01	0	8.446546e+01	4.124188e+02	
9.500000e-01	7.904384e-01	0	1.138365e+02	4.293760e+02	
1	8.283332e-01	0	7.617600e+01	3.675673e+02	
1.050000e+00	8.080069e-01	0	9.834116e+01	4.138708e+02	
1.100000e+00	7.840816e-01	0	1.018974e+02	3.700282e+02	
1.150000e+00	7.715595e-01	0	1.220591e+02	4.122553e+02	
1.200000e+00	7.984394e-01	0	9.953672e+01	3.942935e+02	
1.250000e+00	8.313509e-01	0	9.032399e+01	4.452495e+02	
1.300000e+00	8.104356e-01	0	9.858026e+01	4.214554e+02	
1.350000e+00	7.800416e-01	0	1.044116e+02	3.702764e+02	
1.400000e+00	8.440190e-01	0	7.225975e+01	3.910003e+02	
1.450000e+00	7.959858e-01	0	9.912054e+01	3.867306e+02	
1.500000e+00	4.723257e-01	0	2.751787e+02	2.463148e+02	
1.550000e+00	4.035889e-01	0	2.927026e+02	1.980706e+02	
1.600000e+00	4.489575e-01	0	2.912407e+02	2.372861e+02	
1.650000e+00	4.228703e-01	0	3.180735e+02	2.330566e+02	
1.700000e+00	4.479025e-01	0	2.647285e+02	2.147674e+02	
1.750000e+00	7.882347e-01	0	9.784886e+01	3.642138e+02	
1.800000e+00	7.909905e-01	0	1.071016e+02	4.053232e+02	
1.850000e+00	7.732108e-01	0	1.037457e+02	3.537085e+02	
1.900000e+00	8.364533e-01	0	7.641048e+01	3.907985e+02	
1.950000e+00	7.989706e-01	0	9.205008e+01	3.658436e+02	
2	8.009821e-01	0	9.062807e+01	3.647484e+02	
2.050000e+00	6.209012e-01	0	1.712238e+02	2.804362e+02	
2.100000e+00	3.594366e-01	0	3.357929e+02	1.884220e+02	
2.150000e+00	2.294864e-01	0	3.816356e+02	1.136647e+02	
2.200000e+00	1.747932e-01	0	4.202770e+02	8.902198e+01	
2.250000e+00	2.472860e-01	0	3.558458e+02	1.169045e+02	
2.300000e+00	4.479046e-01	0	2.594063e+02	2.104514e+02	
2.350000e+00	6.596075e-01	0	1.629999e+02	3.158588e+02	
2.400000e+00	7.834909e-01	0	1.095651e+02	3.964879e+02	
2.450000e+00	7.548012e-01	0	1.266595e+02	3.898989e+02	
2.500000e+00	6.902486e-01	0	1.589168e+02	3.541295e+02	
2.550000e+00	2.357239e-01	0	4.142834e+02	1.277764e+02	
2.600000e+00	2.095259e-01	0	3.695841e+02	9.796326e+01	
2.650000e+00	1.707366e-01	0	3.814556e+02	7.853770e+01	
2.700000e+00	1.879807e-01	0	4.128939e+02	9.558407e+01	
2.750000e+00	2.401168e-01	0	3.718947e+02	1.175157e+02	
2.800000e+00	2.232415e-01	0	4.399715e+02	1.264485e+02	
2.850000e+00	2.099731e-01	0	4.184510e+02	1.112158e+02	
2.900000e+00	1.954802e-01	0	4.086654e+02	9.929649e+01	
2.950000e+00	1.821762e-01	0	3.935472e+02	8.766552e+01	
3	2.323622e-01	0	3.810746e+02	1.153504e+02	
3.050000e+00	4.622442e-01	0	2.788410e+02	2.396862e+02	
3.100000e+00	4.802397e-01	0	2.511387e+02	2.320432e+02	
3.150000e+00	6.409105e-01	0	1.665610e+02	2.972816e+02	
3.200000e+00	8.120897e-01	0	8.687091e+01	3.754290e+02	
3.250000e+00	7.679597e-01	0	1.136468e+02	3.761248e+02	
3.300000e+00	8.409802e-01	0	8.339568e+01	4.410400e+02	
3.350000e+00	7.764909e-01	0	9.986793e+01	3.469503e+02	
3.400000e+00	7.832319e-01	0	1.053368e+02	3.806054e+02	
3.450000e+00	7.605383e-01	0	1.167523e+02	3.708091e+02	
3.500000e+00	8.041472e-01	0	8.685366e+01	3.566103e+02	
3.550000e+00	8.217948e-01	0	8.430215e+01	3.887601e+02	
3.600000e+00	7.961547e-01	0	1.028046e+02	4.015218e+02	
3.650000e+00	8.055993e-01	0	1.000838e+02	4.147486e+02	
3.700000e+00	8.317712e-01	0	8.292427e+01	4.100013e+02	
3.750000e+00	7.391656e-01	0	1.376467e+02	3.900703e+02	
3.800000e+00	4.420524e-01	0	2.747923e+02	2.177132e+02	
3.850000e+00	4.568588e-01	0	2.770748e+02	2.330592e+02	
3.900000e+00	4.538791e-01	0	2.822852e+02	2.346062e+02	
3.950000e+00	4.555343e-01	0	2.983435e+02	2.496130e+02	
4	4.426228e-01	0	2.736104e+02	2.172788e+02	
4.050000e+00	4.498772e-01	0	2.617185e+02	2.140271e+02	
4.100000e+00	4.457502e-01	0	2.899275e+02	2.331714e+02	
4.150000e+00	4.360041e-01	0	3.062285e+02	2.367337e+02	
4.200000e+00	4.311195e-01	0	2.729314e+02	2.068379e+02	
4.250000e+00	4.169422e-01	0	2.807599e+02	2.007703e+02	
4.300000e+00	4.580053e-01	0	2.473130e+02	2.089885e+02	
4.350000e+00	3.903778e-01	0	3.079086e+02	1.971725e+02	
4.400000e+00	1.726108e-01	0	4.085615e+02	8.523450e+01	
4.450000e+00	2.108673e-01	0	3.981834e+02	1.064002e+02	
4.500000e+00	2.239997e-01	0	4.118888e+02	1.188955e+02	
4.550000e+00	2.099469e-01	0	4.199702e+02	1.116019e+02	
4.600000e+00	2.167568e-01	0	4.179841e+02	1.156741e+02	
4.650000e+00	1.769226e-01	0	3.837423e+02	8.248637e+01	
4.700000e+00	2.271833e-01	0	3.523154e+02	1.035694e+02	
4.750000e+00	1.627848e-01	0	4.849572e+02	9.429317e+01	
4.800000e+00	1.831237e-01	0	4.007880e+02	8.984687e+01	
4.850000e+00	2.133765e-01	0	4.336136e+02	1.176204e+02	
4.900000e+00	2.356888e-01	0	3.938838e+02	1.214610e+02	
4.950000e+00	1.996158e-01	0	4.136008e+02	1.031520e+02	
5	1.996090e-01	0	3.542270e+02	8.834046e+01	
5.050000e+00	1.826728e-01	0	4.247154e+02	9.492397e+01	
5.100000e+00	2.527727e-01	0	3.737655e+02	1.264377e+02	
5.150000e+00	2.630747e-01	0	3.437021e+02	1.226981e+02	
5.200000e+00	3.176664e-01	0	3.224761e+02	1.501316e+02	
5.250000e+00	2.185340e-01	0	3.655892e+02	1.022357e+02	
5.300000e+00	2.040731e-01	0	3.959390e+02	1.015175e+02	
5.350000e+00	2.077086e-01	0	3.937946e+02	1.032379e+02	
5.400000e+00	1.986476e-01	0	3.982878e+02	9.873174e+01	
5.450000e+00	2.041938e-01	0	4.402066e+02	1.129514e+02	
5.500000e+00	1.882815e-01	0	4.240815e+02	9.836745e+01	
5.550000e+00	1.648168e-01	0	4.005101e+02	7.903748e+01	
5.600000e+00	2.253434e-01	0	3.834930e+02	1.115560e+02	
5.650000e+00	1.517459e-01	0	4.088000e+02	7.313107e+01	
5.700000e+00	2.481857e-01	0	3.557338e+02	1.174333e+02	
5.750000e+00	2.104720e-01	0	3.795210e+02	1.011725e+02	
5.800000e+00	1.843228e-01	0	4.018595e+02	9.081024e+01	
5.850000e+00	2.105463e-01	0	3.994109e+02	1.065224e+02	
5.900000e+00	3.120096e-01	0	3.225557e+02	1.462818e+02	
5.950000e+00	4.501195e-01	0	2.911422e+02	2.383223e+02	
6	4.630675e-01	0	2.892547e+02	2.494624e+02	
6.050000e+00	4.221095e-01	0	2.929318e+02	2.139666e+02	
6.100000e+00	3.682138e-01	0	3.150288e+02	1.836032e+02	
6.150000e+00	8.161495e-01	0	9.737868e+01	4.322837e+02	
6.200000e+00	8.380775e-01	0	7.997317e+01	4.139247e+02	
6.250000e+00	7.903992e-01	0	9.023631e+01	3.402787e+02	
6.300000e+00	7.910354e-01	0	1.203607e+02	4.556253e+02	
6.350000e+00	8.132026e-01	0	9.704791e+01	4.224877e+02	
6.400000e+00	8.299377e-01	0	8.227763e+01	4.015311e+02	
6.450000e+00	8.075365e-01	0	9.346971e+01	3.921792e+02	
6.500000e+00	8.274135e-01	0	8.341184e+01	3.998928e+02	
6.550000e+00	7.962251e-01	0	9.158249e+01	3.578472e+02	
6.600000e+00	8.375833e-01	0	7.763435e+01	4.003605e+02	
6.650000e+00	7.473110e-01	0	1.241412e+02	3.671393e+02	
6.700000e+00	7.653376e-01	0	1.343361e+02	4.381291e+02	
6.750000e+00	8.256846e-01	0	9.133146e+01	4.326123e+02	
6.800000e+00	8.173093e-01	0	9.682117e+01	4.331519e+02	
6.850000e+00	7.914340e-01	0	9.599238e+01	3.642572e+02	
6.900000e+00	8.265928e-01	0	8.586362e+01	4.092924e+02	
6.950000e+00	7.495399e-01	0	1.263018e+02	3.779770e+02	
7	8.034062e-01	0	9.593277e+01	3.920417e+02	
7.050000e+00	8.116659e-01	0	8.898331e+01	3.834925e+02	
7.100000e+00	8.048434e-01	0	1.050933e+02	4.334144e+02	
7.150000e+00	7.764217e-01	0	1.150933e+02	3.996849e+02	
7.200000e+00	8.232893e-01	0	8.897103e+01	4.145132e+02	
7.250000e+00	8.142454e-01	0	8.486887e+01	3.720182e+02	
7.300000e+00	8.258148e-01	0	8.559704e+01	4.058169e+02	
7.350000e+00	8.353755e-01	0	8.134558e+01	4.127825e+02	
7.400000e+00	8.096176e-01	0	9.629896e+01	4.095197e+02	
7.450000e+00	7.962441e-01	0	1.079335e+02	4.217861e+02	
7.500000e+00	7.735299e-01	0	1.089675e+02	3.721885e+02	
7.550000e+00	8.015500e-01	0	8.982878e+01	3.628231e+02	
7.600000e+00	7.934246e-01	0	1.022487e+02	3.927217e+02	
7.650000e+00	6.535010e-01	0	1.869187e+02	3.525308e+02	
7.700000e+00	3.497082e-01	0	3.108380e+02	1.671598e+02	
7.750000e+00	2.059018e-01	0	3.930305e+02	1.019089e+02	
7.800000e+00	2.135354e-01	0	4.043828e+02	1.097952e+02	
7.850000e+00	2.073058e-01	0	4.127387e+02	1.079397e+02	
7.900000e+00	1.767592e-01	0	3.990415e+02	8.567878e+01	
7.950000e+00	2.061510e-01	0	4.341364e+02	1.127389e+02	
8	2.086855e-01	0	4.267610e+02	1.125454e+02	
8.050000e+00	2.119853e-01	0	3.903757e+02	1.050157e+02	
8.100000e+00	2.232472e-01	0	4.067051e+02	1.168914e+02	
8.150000e+00	1.739320e-01	0	3.942458e+02	8.301003e+01	
8.200000e+00	1.871619e-01	0	3.858570e+02	8.884637e+01	
8.250000e+00	2.247964e-01	0	4.151052e+02	1.203738e+02	
8.300000e+00	2.082012e-01	0	4.313716e+02	1.134279e+02	
8.350000e+00	4.374654e-01	0	3.122033e+02	2.427906e+02	
8.400000e+00	4.273340e-01	0	2.798472e+02	2.088272e+02	
8.450000e+00	8.391105e-01	0	7.463580e+01	3.892589e+02	
8.500000e+00	8.129129e-01	0	9.775083e+01	4.247374e+02	
8.550000e+00	7.925056e-01	0	1.022460e+02	3.905190e+02	
8.600000e+00	8.118224e-01	0	9.050871e+01	3.904663e+02	
8.650000e+00	7.744144e-01	0	1.235555e+02	4.241545e+02	
8.700000e+00	8.119472e-01	0	1.032954e+02	4.459937e+02	
8.750000e+00	8.400048e-01	0	7.828737e+01	4.110235e+02	
8.800000e+00	8.035446e-01	0	9.913235e+01	4.054725e+02	
8.850000e+00	7.990388e-01	0	9.318569e+01	3.705141e+02	
8.900000e+00	8.315740e-01	0	7.395845e+01	3.651570e+02	
8.950000e+00	8.203138e-01	0	9.230302e+01	4.213871e+02	
9	6.538904e-01	0	1.716539e+02	3.242986e+02	
9.050000e+00	7.991877e-01	0	1.136845e+02	4.524386e+02	
9.100000e+00	7.561345e-01	0	1.246612e+02	3.865273e+02	
9.150000e+00	8.082762e-01	0	8.848004e+01	3.730174e+02	
9.200000e+00	7.931510e-01	0	9.483216e+01	3.636285e+02	
9.250000e+00	7.436966e-01	0	1.234193e+02	3.581165e+02	
9.300000e+00	7.849919e-01	0	1.008343e+02	3.681447e+02	
9.350000e+00	7.878035e-01	0	1.131594e+02	4.201170e+02	
9.400000e+00	7.999585e-01	0	1.095106e+02	4.379286e+02	
9.450000e+00	8.105717e-01	0	9.387108e+01	4.016783e+02	
9.500000e+00	7.200862e-01	0	1.515069e+02	3.897557e+02	
9.550000e+00	7.656682e-01	0	1.097754e+02	3.586858e+02	
9.600000e+00	7.626957e-01	0	1.244080e+02	3.998469e+02	
9.650000e+00	7.719237e-01	0	1.172672e+02	3.968905e+02	
9.700000e+00	8.303062e-01	0	7.911491e+01	3.871066e+02	
9.750000e+00	8.039324e-01	0	1.039187e+02	4.260957e+02	
9.800000e+00	8.108469e-01	0	9.395135e+01	4.027433e+02	
9.850000e+00	4.587182e-01	0	2.765369e+02	2.343557e+02	
9.900000e+00	4.743045e-01	0	2.634194e+02	2.376680e+02	
9.950000e+00	4.101245e-01	0	2.965931e+02	2.062132e+02	
10	6.541209e-01	0	1.706212e+02	3.226759e+02	
1.005000e+01	8.227527e-01	0	9.516862e+01	4.417569e+02	
1.010000e+01	7.621831e-01	0	1.261397e+02	4.042669e+02	
1.015000e+01	4.232252e-01	0	3.046868e+02	2.235728e+02	
1.020000e+01	6.500834e-01	0	1.901420e+02	3.532504e+02	
1.025000e+01	7.870461e-01	0	1.165840e+02	4.308772e+02	
1.030000e+01	7.724428e-01	0	1.098951e+02	3.730389e+02	
1.035000e+01	8.300986e-01	0	9.102421e+01	4.447232e+02	
1.040000e+01	8.069497e-01	0	9.940572e+01	4.155157e+02	
1.045000e+01	8.285144e-01	0	8.067407e+01	3.897682e+02	
1.050000e+01	7.745089e-01	0	1.206795e+02	4.145056e+02	
1.055000e+01	8.156619e-01	0	9.615452e+01	4.254660e+02	
1.060000e+01	8.212087e-01	0	8.722056e+01	4.006140e+02	
1.065000e+01	7.852451e-01	0	1.124975e+02	4.113436e+02	
1.070000e+01	7.483198e-01	0	1.239436e+02	3.685212e+02	
1.075000e+01	7.376319e-01	0	1.449777e+02	4.075960e+02	
1.080000e+01	7.992507e-01	0	1.021384e+02	4.066475e+02	
1.085000e+01	7.687325e-01	0	1.208500e+02	4.017051e+02	
1.090000e+01	7.890901e-01	0	1.049956e+02	3.928264e+02	
1.095000e+01	7.919831e-01	0	9.782776e+01	3.724598e+02	
11	7.764893e-01	0	1.154534e+02	4.010917e+02	
1.105000e+01	5.240818e-01	0	2.443405e+02	2.690681e+02	
1.110000e+01	4.199475e-01	0	2.935455e+02	2.125216e+02	
1.115000e+01	4.558126e-01	0	2.635450e+02	2.207459e+02	
1.120000e+01	4.771447e-01	0	2.678813e+02	2.444617e+02	
1.125000e+01	4.555243e-01	0	2.848044e+02	2.382757e+02	
1.130000e+01	7.774022e-01	0	1.129135e+02	3.943401e+02	
1.135000e+01	8.114900e-01	0	1.011350e+02	4.353618e+02	
1.140000e+01	7.803693e-01	0	1.086633e+02	3.860912e+02	
1.145000e+01	8.057359e-01	0	1.029445e+02	4.269758e+02	
1.150000e+01	8.142546e-01	0	8.924929e+01	3.912434e+02	
1.155000e+01	7.797772e-01	0	1.056983e+02	3.742624e+02	
1.160000e+01	8.604901e-01	0	6.589920e+01	4.064629e+02	
1.165000e+01	8.279083e-01	0	9.024889e+01	4.341742e+02	
1.170000e+01	8.164553e-01	0	9.552153e+01	4.249050e+02	
1.175000e+01	7.724621e-01	0	1.256606e+02	4.266017e+02	
1.180000e+01	7.932870e-01	0	9.794170e+01	3.758636e+02	
1.185000e+01	7.884398e-01	0	1.085513e+02	4.045475e+02	
1.190000e+01	7.905992e-01	0	9.773400e+01	3.689977e+02	
1.195000e+01	8.014886e-01	0	1.025160e+02	4.139080e+02	
12	8.320676e-01	0	8.412364e+01	4.168140e+02	
1.205000e+01	7.896595e-01	0	1.134131e+02	4.257749e+02	
1.210000e+01	7.984150e-01	0	9.635427e+01	3.816291e+02	
1.215000e+01	6.246791e-01	0	1.683364e+02	2.801769e+02	
1.220000e+01	8.180219e-01	0	8.938595e+01	4.018047e+02	
1.225000e+01	8.218440e-01	0	9.195953e+01	4.242148e+02	
1.230000e+01	7.815909e-01	0	1.040424e+02	3.723225e+02	
1.235000e+01	8.212020e-01	0	8.631023e+01	3.964146e+02	
1.240000e+01	7.862554e-01	0	1.019569e+02	3.750465e+02	
1.245000e+01	8.349469e-01	0	7.640974e+01	3.865305e+02	
1.250000e+01	8.135180e-01	0	9.242602e+01	4.032037e+02	
1.255000e+01	7.874144e-01	0	1.074622e+02	3.980385e+02	
1.260000e+01	7.994400e-01	0	9.591301e+01	3.823130e+02	
1.265000e+01	8.107365e-01	0	9.192940e+01	3.937924e+02	
1.270000e+01	8.000339e-01	0	1.014125e+02	4.057357e+02	
1.275000e+01	5.107818e-01	0	2.445086e+02	2.552860e+02	
1.280000e+01	4.650353e-01	0	2.710656e+02	2.356325e+02	
1.285000e+01	4.390719e-01	0	2.724083e+02	2.132302e+02	
1.290000e+01	4.292209e-01	0	2.866025e+02	2.155226e+02	
1.295000e+01	6.385032e-01	0	1.780440e+02	3.144749e+02	
13	8.049057e-01	0	9.600993e+01	3.961107e+02	
1.305000e+01	8.001868e-01	0	9.788910e+01	3.920139e+02	
1.310000e+01	8.404284e-01	0	7.514458e+01	3.957700e+02	
1.315000e+01	7.314723e-01	0	1.240174e+02	3.378248e+02	
1.320000e+01	4.823780e-01	0	2.593184e+02	2.416619e+02	
1.325000e+01	4.410684e-01	0	2.738474e+02	2.161006e+02	
1.330000e+01	4.494223e-01	0	2.657754e+02	2.169455e+02	
1.335000e+01	5.102440e-01	0	2.728457e+02	2.842597e+02	
1.340000e+01	4.798978e-01	0	2.584320e+02	2.384549e+02	
1.345000e+01	2.655447e-01	0	3.879701e+02	1.402718e+02	
1.350000e+01	2.130620e-01	0	3.733840e+02	1.010930e+02	
1.355000e+01	1.942941e-01	0	4.359741e+02	1.051342e+02	
1.360000e+01	2.234658e-01	0	4.023761e+02	1.157931e+02	
1.365000e+01	2.242118e-01	0	3.884911e+02	1.122785e+02	
1.370000e+01	2.314166e-01	0	3.795013e+02	1.142659e+02	
1.375000e+01	1.854388e-01	0	3.895331e+02	8.867909e+01	
1.380000e+01	2.020471e-01	0	3.925886e+02	9.940611e+01	
1.385000e+01	2.238294e-01	0	4.138051e+02	1.193317e+02	
1.390000e+01	1.796551e-01	0	3.856346e+02	8.445375e+01	
1.395000e+01	2.031452e-01	0	4.071540e+02	1.037973e+02	
14	1.400247e-01	0	4.253731e+02	6.926099e+01	
1.405000e+01	2.405674e-01	0	3.905012e+02	1.237001e+02	
1.410000e+01	2.129193e-01	0	3.645750e+02	9.862401e+01	
1.415000e+01	4.770775e-01	0	2.379683e+02	2.171054e+02	
1.420000e+01	4.462487e-01	0	2.638627e+02	2.126377e+02	
1.425000e+01	4.316292e-01	0	3.078189e+02	2.337622e+02	
1.430000e+01	4.337560e-01	0	3.042740e+02	2.330809e+02	
1.435000e+01	2.087912e-01	0	4.011020e+02	1.058463e+02	
1.440000e+01	2.292869e-01	0	3.567651e+02	1.061375e+02	
1.445000e+01	2.142208e-01	0	3.879782e+02	1.057715e+02	
1.450000e+01	2.041691e-01	0	3.872557e+02	9.934981e+01	
1.455000e+01	2.044157e-01	0	4.226090e+02	1.085842e+02	
1.460000e+01	2.095983e-01	0	3.755842e+02	9.959721e+01	
1.465000e+01	2.011509e-01	0	3.914266e+02	9.856153e+01	
1.470000e+01	1.801647e-01	0	4.279230e+02	9.403915e+01	
1.475000e+01	2.246902e-01	0	3.913833e+02	1.134256e+02	
1.480000e+01	1.853548e-01	0	3.763880e+02	8.563894e+01	
1.485000e+01	1.902467e-01	0	4.198424e+02	9.863947e+01	
1.490000e+01	2.235375e-01	0	3.768229e+02	1.084844e+02	
1.495000e+01	2.444258e-01	0	4.134126e+02	1.337376e+02	
15	1.688837e-01	0	4.266818e+02	8.670221e+01	
1.505000e+01	1.968206e-01	0	4.003665e+02	9.811053e+01	
1.510000e+01	2.333305e-01	0	4.354770e+02	1.325344e+02	
1.515000e+01	1.995351e-01	0	3.943520e+02	9.830171e+01	
1.520000e+01	1.978627e-01	0	4.135510e+02	1.020104e+02	
1.525000e+01	1.846242e-01	0	4.147504e+02	9.391127e+01	
1.530000e+01	2.447480e-01	0	3.963752e+02	1.284499e+02	
1.535000e+01	1.908809e-01	0	4.113829e+02	9.705013e+01	
1.540000e+01	1.864735e-01	0	3.634281e+02	8.330360e+01	
1.545000e+01	2.200735e-01	0	3.845037e+02	1.084962e+02	
1.550000e+01	1.635377e-01	0	3.900952e+02	7.626796e+01	
1.555000e+01	1.727341e-01	0	3.816620e+02	7.969145e+01	
1.560000e+01	1.902908e-01	0	4.364408e+02	1.025685e+02	
1.565000e+01	1.660537e-01	0	3.976900e+02	7.918720e+01	
1.570000e+01	2.036705e-01	0	4.101032e+02	1.048887e+02	
1.575000e+01	2.295288e-01	0	3.741207e+02	1.114532e+02	
1.580000e+01	1.301978e-01	0	4.210514e+02	6.302579e+01	
1.585000e+01	2.411149e-01	0	3.868290e+02	1.229043e+02	
1.590000e+01	1.665830e-01	0	4.199736e+02	8.394413e+01	
1.595000e+01	2.107584e-01	0	3.765282e+02	1.005478e+02	
16	1.944769e-01	0	4.148536e+02	1.001578e+02	
1.605000e+01	2.502409e-01	0	3.894805e+02	1.299937e+02	
1.610000e+01	3.629096e-01	0	3.377062e+02	1.923696e+02	
1.615000e+01	4.182511e-01	0	2.651306e+02	1.906169e+02	
1.620000e+01	4.729699e-01	0	2.522549e+02	2.263799e+02	
1.625000e+01	1.854655e-01	0	4.080630e+02	9.291393e+01	
1.630000e+01	2.293628e-01	0	3.717099e+02	1.106311e+02	
1.635000e+01	2.229166e-01	0	3.723752e+02	1.068207e+02	
1.640000e+01	2.344867e-01	0	3.972755e+02	1.216907e+02	
1.645000e+01	2.197459e-01	0	3.974327e+02	1.119305e+02	
1.650000e+01	2.301922e-01	0	3.899155e+02	1.165947e+02	
1.655000e+01	2.180137e-01	0	4.070373e+02	1.134799e+02	
1.660000e+01	2.015622e-01	0	4.200591e+02	1.060421e+02	
1.665000e+01	1.416261e-01	0	4.455578e+02	7.351411e+01	
1.670000e+01	1.613322e-01	0	4.191284e+02	8.062658e+01	
1.675000e+01	2.090627e-01	0	4.154141e+02	1.098034e+02	
1.680000e+01	1.952309e-01	0	3.728774e+02	9.045728e+01	
1.685000e+01	2.793028e-01	0	3.465252e+02	1.342942e+02	
1.690000e+01	2.246676e-01	0	4.058756e+02	1.176103e+02	
1.695000e+01	3.605187e-01	0	3.034991e+02	1.711029e+02	
17	4.424883e-01	0	2.841599e+02	2.255333e+02	
1.705000e+01	4.577200e-01	0	2.579020e+02	2.176862e+02	
1.710000e+01	4.526108e-01	0	2.800783e+02	2.315838e+02	
1.715000e+01	4.305600e-01	0	3.163467e+02	2.391933e+02	
1.720000e+01	2.215889e-01	0	4.218733e+02	1.200939e+02	
1.725000e+01	1.886689e-01	0	4.100034e+02	9.534319e+01	
1.730000e+01	2.166397e-01	0	4.038240e+02	1.116782e+02	
1.735000e+01	1.664433e-01	0	3.803547e+02	7.594863e+01	
1.740000e+01	1.978101e-01	0	3.905659e+02	9.630872e+01	
1.745000e+01	2.527937e-01	0	3.485008e+02	1.179043e+02	
1.750000e+01	5.343855e-01	0	2.333970e+02	2.678696e+02	
1.755000e+01	8.087428e-01	0	9.044384e+01	3.824473e+02	
1.760000e+01	7.921758e-01	0	1.066469e+02	4.065124e+02	
1.765000e+01	7.881234e-01	0	1.106513e+02	4.115929e+02	
1.770000e+01	7.864024e-01	0	1.213413e+02	4.467425e+02	
1.775000e+01	7.889136e-01	0	1.064806e+02	3.979602e+02	
1.780000e+01	7.973526e-01	0	9.800130e+01	3.856036e+02	
1.785000e+01	7.939529e-01	0	9.501998e+01	3.661367e+02	
1.790000e+01	8.209981e-01	0	9.190751e+01	4.215367e+02	
1.795000e+01	8.306983e-01	0	8.292199e+01	4.068661e+02	
18	8.165224e-01	0	9.504912e+01	4.229931e+02	
1.805000e+01	8.240289e-01	0	9.303577e+01	4.356635e+02	
1.810000e+01	7.554287e-01	0	1.246122e+02	3.849005e+02	
1.815000e+01	7.898719e-01	0	1.011950e+02	3.803924e+02	
1.820000e+01	8.512086e-01	0	7.358215e+01	4.209502e+02	
1.825000e+01	7.868082e-01	0	1.085829e+02	4.007375e+02	
1.830000e+01	8.131480e-01	0	9.816167e+01	4.271830e+02	
1.835000e+01	7.985167e-01	0	9.664623e+01	3.830274e+02	
1.840000e+01	8.533341e-01	0	6.689392e+01	3.892036e+02	
1.845000e+01	8.434861e-01	0	7.408669e+01	3.992685e+02	
1.850000e+01	8.410811e-01	0	7.786075e+01	4.120794e+02	
1.855000e+01	7.681704e-01	0	1.330152e+02	4.407475e+02	
1.860000e+01	8.207261e-01	0	9.871635e+01	4.519291e+02	
1.865000e+01	7.474487e-01	0	1.369188e+02	4.052236e+02	
1.870000e+01	8.034034e-01	0	1.012695e+02	4.138438e+02	
1.875000e+01	8.217138e-01	0	8.382137e+01	3.863293e+02	
1.880000e+01	7.816485e-01	0	1.061186e+02	3.798804e+02	
1.885000e+01	7.986382e-01	0	9.599515e+01	3.807344e+02	
1.890000e+01	7.940433e-01	0	1.001311e+02	3.860443e+02	
1.895000e+01	8.433008e-01	0	7.207056e+01	3.878588e+02	
19	8.002632e-01	0	1.031085e+02	4.131133e+02	
1.905000e+01	7.737406e-01	0	1.232494e+02	4.214765e+02	
1.910000e+01	8.079379e-01	0	8.843866e+01	3.720303e+02	
1.915000e+01	7.936252e-01	0	9.811009e+01	3.772875e+02	
1.920000e+01	7.695782e-01	0	1.156761e+02	3.863428e+02	
1.925000e+01	7.878696e-01	0	1.099682e+02	4.084306e+02	
1.930000e+01	8.138796e-01	0	9.519776e+01	4.162872e+02	
1.935000e+01	7.446074e-01	0	1.257647e+02	3.666721e+02	
1.940000e+01	5.074593e-01	0	2.459283e+02	2.533772e+02	
1.945000e+01	4.886694e-01	0	2.725117e+02	2.604344e+02	
1.950000e+01	4.196120e-01	0	2.920797e+02	2.111693e+02	
1.955000e+01	2.249373e-01	0	3.152932e+02	9.150386e+01	
1.960000e+01	2.311221e-01	0	3.985283e+02	1.197962e+02	
1.965000e+01	2.016227e-01	0	4.001905e+02	1.010644e+02	
1.970000e+01	2.181936e-01	0	3.902108e+02	1.089036e+02	
1.975000e+01	2.235390e-01	0	4.141881e+02	1.192426e+02	
1.980000e+01	2.451764e-01	0	3.948374e+02	1.282483e+02	
1.985000e+01	2.029423e-01	0	4.087458e+02	1.040726e+02	
1.990000e+01	2.057528e-01	0	4.317190e+02	1.118385e+02	
1.995000e+01	1.897314e-01	0	4.160598e+02	9.742403e+01	
20	-2.453264e-02	0	4.558621e+02	-1.091571e+01	
2.005000e+01	-3.657396e-03	0	5.082267e+02	-1.852013e+00	
2.010000e+01	2.591430e-02	0	4.944922e+02	1.315533e+01	
2.015000e+01	-1.559107e-03	0	5.340305e+02	-8.313143e-01	
2.020000e+01	1.573182e-02	0	4.783643e+02	7.645827e+00	
2.025000e+01	-1.618835e-03	0	4.900540e+02	-7.920341e-01	
2.030000e+01	-2.714614e-02	0	4.824221e+02	-1.274979e+01	
2.035000e+01	2.201901e-02	0	5.090915e+02	1.146208e+01	
2.040000e+01	-1.065452e-02	0	5.365955e+02	-5.656897e+00	
2.045000e+01	-2.867767e-02	0	4.544315e+02	-1.266873e+01	
2.050000e+01	-2.415380e-02	0	5.257370e+02	-1.239906e+01	
2.055000e+01	1.216603e-02	0	4.980183e+02	6.133526e+00	
2.060000e+01	-2.501236e-02	0	5.117133e+02	-1.248683e+01	
2.065000e+01	2.770185e-02	0	4.748427e+02	1.352879e+01	
2.070000e+01	-3.147898e-04	0	4.948508e+02	-1.557249e-01	
2.075000e+01	-2.219915e-03	0	5.120898e+02	-1.134278e+00	
2.080000e+01	1.077988e-03	0	5.235364e+02	5.649749e-01	
2.085000e+01	2.027112e-02	0	4.874554e+02	1.008572e+01	
2.090000e+01	-2.257316e-02	0	5.027365e+02	-1.109784e+01	
2.095000e+01	-3.758572e-04	0	5.014289e+02	-1.883948e-01	
21	3.194677e-02	0	4.804764e+02	1.585622e+01	
2.105000e+01	9.072134e-03	0	4.946980e+02	4.529055e+00	
2.110000e+01	1.405768e-03	0	4.993581e+02	7.029697e-01	
2.115000e+01	3.574004e-03	0	4.875043e+02	1.748592e+00	
2.120000e+01	-2.780279e-02	0	4.832756e+02	-1.307295e+01	
2.125000e+01	-3.088137e-03	0	5.037224e+02	-1.550775e+00	
2.130000e+01	1.526416e-02	0	5.075319e+02	7.867130e+00	
2.135000e+01	3.366842e-02	0	5.087338e+02	1.772504e+01	
2.140000e+01	-9.895760e-03	0	5.271392e+02	-5.165329e+00	
2.145000e+01	-1.696759e-02	0	4.989995e+02	-8.325553e+00	
2.150000e+01	-1.548699e-02	0	5.215840e+02	-7.954573e+00	
2.155000e+01	-1.128783e-05	0	5.081508e+02	-5.735857e-03	
2.160000e+01	2.502131e-02	0	4.867397e+02	1.249142e+01	
2.165000e+01	7.681017e-03	0	5.483282e+02	4.244319e+00	
2.170000e+01	1.488115e-02	0	4.986083e+02	7.531950e+00	
2.175000e+01	-3.095272e-02	0	4.869628e+02	-1.462029e+01	
2.180000e+01	-4.622191e-03	0	5.242314e+02	-2.411949e+00	
2.185000e+01	2.700301e-02	0	4.595956e+02	1.275489e+01	
2.190000e+01	-1.268739e-02	0	5.221099e+02	-6.541218e+00	
2.195000e+01	3.144182e-03	0	5.519144e+02	1.740793e+00	
22	-2.355240e-02	0	5.147458e+02	-1.184453e+01	
2.205000e+01	-3.124648e-02	0	5.006036e+02	-1.516815e+01	
2.210000e+01	2.500867e-04	0	5.236733e+02	1.309965e-01	
2.215000e+01	-5.789211e-03	0	5.211194e+02	-2.999506e+00	
2.220000e+01	4.071541e-02	0	4.676623e+02	1.984923e+01	
2.225000e+01	1.050474e-02	0	5.013307e+02	5.322257e+00	
2.230000e+01	-5.784623e-03	0	4.986788e+02	-2.868078e+00	
2.235000e+01	-1.314876e-02	0	5.182380e+02	-6.725750e+00	
2.240000e+01	4.927699e-03	0	4.647614e+02	2.301546e+00	
2.245000e+01	2.518250e-03	0	4.852370e+02	1.225033e+00	
2.250000e+01	2.962283e-02	0	4.952914e+02	1.511982e+01	
2.255000e+01	3.286196e-02	0	5.131490e+02	1.743606e+01	
2.260000e+01	8.443764e-03	0	4.698897e+02	4.001426e+00	
2.265000e+01	2.686310e-02	0	4.702535e+02	1.298118e+01	
2.270000e+01	-9.077727e-03	0	5.145533e+02	-4.628954e+00	
2.275000e+01	1.930109e-02	0	4.899814e+02	9.643301e+00	
2.280000e+01	-4.541070e-03	0	4.866951e+02	-2.200125e+00	
2.285000e+01	-3.278232e-02	0	5.220583e+02	-1.657104e+01	
2.290000e+01	-1.451435e-02	0	4.869559e+02	-6.966733e+00	
2.295000e+01	2.004785e-02	0	4.907031e+02	1.003880e+01	
23	2.103136e-02	0	4.685116e+02	1.006512e+01	
2.305000e+01	9.692668e-03	0	5.203724e+02	5.093164e+00	
2.310000e+01	-2.470659e-02	0	4.719248e+02	-1.137853e+01	
2.315000e+01	1.636426e-02	0	5.543237e+02	9.222008e+00	
2.320000e+01	-1.011029e-02	0	4.725487e+02	-4.729787e+00	
2.325000e+01	4.175320e-03	0	5.148190e+02	2.158547e+00	
2.330000e+01	-2.041295e-02	0	4.841596e+02	-9.685417e+00	
2.335000e+01	9.447701e-03	0	4.971914e+02	4.742118e+00	
2.340000e+01	1.560426e-02	0	5.294061e+02	8.391940e+00	
2.345000e+01	6.257087e-03	0	5.216084e+02	3.284299e+00	
2.350000e+01	7.650422e-03	0	4.763950e+02	3.672720e+00	
2.355000e+01	3.237164e-02	0	5.277210e+02	1.765470e+01	
2.360000e+01	-1.261216e-03	0	5.021096e+02	-6.324711e-01	
2.365000e+01	-2.521634e-02	0	5.099544e+02	-1.254290e+01	
2.370000e+01	1.142721e-02	0	4.526564e+02	5.232393e+00	
2.375000e+01	3.270990e-02	0	5.418937e+02	1.832469e+01	
2.380000e+01	2.739661e-02	0	5.262512e+02	1.482362e+01	
2.385000e+01	4.453930e-02	0	5.069101e+02	2.362987e+01	
2.390000e+01	-9.606077e-03	0	5.095816e+02	-4.848505e+00	
2.395000e+01	-2.304368e-02	0	4.777207e+02	-1.076048e+01	
24	9.307151e-03	0	5.111319e+02	4.801873e+00	
2.405000e+01	1.513506e-02	0	4.844200e+02	7.444399e+00	
2.410000e+01	-3.639843e-02	0	5.003629e+02	-1.757280e+01	
2.415000e+01	7.853529e-03	0	5.453493e+02	4.316819e+00	
2.420000e+01	1.415297e-02	0	5.413871e+02	7.772236e+00	
2.425000e+01	1.390585e-02	0	4.743607e+02	6.689410e+00	
2.430000e+01	6.819373e-03	0	5.360511e+02	3.680632e+00	
2.435000e+01	-4.350742e-03	0	5.005392e+02	-2.168283e+00	
2.440000e+01	2.128154e-02	0	4.801038e+02	1.043952e+01	
2.445000e+01	-1.086194e-02	0	4.997646e+02	-5.370081e+00	
2.450000e+01	1.111446e-02	0	4.918271e+02	5.527832e+00	
2.455000e+01	-4.579414e-03	0	5.198812e+02	-2.369898e+00	
2.460000e+01	-4.953707e-03	0	5.140899e+02	-2.534097e+00	
2.465000e+01	-8.697531e-03	0	5.278119e+02	-4.551077e+00	
2.470000e+01	-2.074098e-02	0	5.257283e+02	-1.068255e+01	
2.475000e+01	2.392583e-02	0	4.400192e+02	1.078588e+01	
2.480000e+01	-1.797863e-02	0	5.367216e+02	-9.479095e+00	
2.485000e+01	-1.353918e-02	0	5.347104e+02	-7.142832e+00	
2.490000e+01	-3.894691e-02	0	4.615908e+02	-1.730361e+01	
2.495000e+01	-1.911685e-02	0	4.733061e+02	-8.878397e+00	
25	-1.198494e-02	0	5.078423e+02	-6.014378e+00	
2.505000e+01	9.683782e-03	0	4.869529e+02	4.761657e+00	
2.510000e+01	-8.932837e-03	0	5.057981e+02	-4.478209e+00	
2.515000e+01	3.921018e-02	0	4.478730e+02	1.827786e+01	
2.520000e+01	1.470191e-02	0	4.884066e+02	7.287654e+00	
2.525000e+01	-3.499571e-02	0	4.815233e+02	-1.628147e+01	
2.530000e+01	2.695701e-02	0	5.271537e+02	1.460417e+01	
2.535000e+01	-3.024283e-02	0	5.139000e+02	-1.508556e+01	
2.540000e+01	8.968383e-03	0	4.872113e+02	4.409040e+00	
2.545000e+01	8.810753e-03	0	4.902759e+02	4.358098e+00	
2.550000e+01	2.232813e-02	0	4.808847e+02	1.098248e+01	
2.555000e+01	-1.054105e-02	0	4.862579e+02	-5.072200e+00	
2.560000e+01	-2.689417e-02	0	4.633833e+02	-1.213592e+01	
2.565000e+01	-1.308899e-02	0	5.162461e+02	-6.669840e+00	
2.570000e+01	-2.260278e-03	0	4.789225e+02	-1.080057e+00	
2.575000e+01	-1.670177e-02	0	4.961250e+02	-8.150048e+00	
2.580000e+01	-4.535489e-03	0	4.679888e+02	-2.112975e+00	
2.585000e+01	-5.102902e-02	0	5.341115e+02	-2.593191e+01	
2.590000e+01	1.903681e-03	0	4.844742e+02	9.240437e-01	
2.595000e+01	-2.151421e-02	0	4.984909e+02	-1.049877e+01	
26	1.358954e-03	0	5.006427e+02	6.812763e-01	
2.605000e+01	-2.690350e-02	0	5.433622e+02	-1.423536e+01	
2.610000e+01	-6.143243e-03	0	5.440391e+02	-3.321758e+00	
2.615000e+01	1.087724e-02	0	5.151274e+02	5.664784e+00	
2.620000e+01	1.826854e-02	0	4.871880e+02	9.065834e+00	
2.625000e+01	-3.042808e-02	0	5.013806e+02	-1.480555e+01	
2.630000e+01	-1.584654e-02	0	5.431029e+02	-8.472051e+00	
2.635000e+01	9.850804e-03	0	4.922506e+02	4.897306e+00	
2.640000e+01	-1.026130e-02	0	4.880638e+02	-4.957302e+00	
2.645000e+01	-2.922813e-03	0	4.857050e+02	-1.415488e+00	
2.650000e+01	2.878948e-02	0	5.311823e+02	1.574577e+01	
2.655000e+01	-1.082586e-02	0	5.228392e+02	-5.599565e+00	
2.660000e+01	-8.822369e-03	0	5.155115e+02	-4.508259e+00	
2.665000e+01	2.419907e-02	0	5.563961e+02	1.379817e+01	
2.670000e+01	-2.851938e-02	0	5.055848e+02	-1.401915e+01	
2.675000e+01	-2.880966e-02	0	5.440363e+02	-1.523460e+01	
2.680000e+01	8.547755e-04	0	5.406052e+02	4.624914e-01	
2.685000e+01	3.576259e-02	0	4.602536e+02	1.707034e+01	
2.690000e+01	-3.588625e-02	0	5.198460e+02	-1.800905e+01	
2.695000e+01	-4.006321e-03	0	4.806809e+02	-1.918077e+00	
27	2.375708e-02	0	4.943073e+02	1.202907e+01	
2.705000e+01	4.637986e-02	0	4.999901e+02	2.431730e+01	
2.710000e+01	-1.435681e-02	0	5.051067e+02	-7.149082e+00	
2.715000e+01	-4.048237e-03	0	4.955659e+02	-1.998079e+00	
2.720000e+01	2.376321e-02	0	5.330723e+02	1.297586e+01	
2.725000e+01	-4.798200e-03	0	5.296572e+02	-2.529265e+00	
2.730000e+01	7.805219e-03	0	4.576093e+02	3.599838e+00	
2.735000e+01	-1.502534e-02	0	5.021665e+02	-7.433532e+00	
2.740000e+01	-9.131120e-03	0	4.995374e+02	-4.520063e+00	
2.745000e+01	-5.719551e-03	0	4.808004e+02	-2.734323e+00	
2.750000e+01	1.691667e-03	0	5.217930e+02	8.841957e-01	
2.755000e+01	-6.063821e-03	0	5.212342e+02	-3.141620e+00	
2.760000e+01	1.119270e-02	0	4.960697e+02	5.615207e+00	
2.765000e+01	-1.794973e-03	0	4.701787e+02	-8.424458e-01	
2.770000e+01	-4.546207e-03	0	4.853537e+02	-2.196533e+00	
2.775000e+01	-1.228491e-02	0	4.798087e+02	-5.822873e+00	
2.780000e+01	3.761759e-02	0	4.954678e+02	1.936684e+01	
2.785000e+01	-4.025023e-02	0	5.055951e+02	-1.956291e+01	
2.790000e+01	-9.219077e-04	0	5.317626e+02	-4.897845e-01	
2.795000e+01	1.558774e-02	0	4.949251e+02	7.836925e+00	
28	5.915074e-03	0	4.846591e+02	2.883853e+00	
2.805000e+01	-2.652344e-02	0	5.395781e+02	-1.394168e+01	
2.810000e+01	-6.071268e-03	0	4.736551e+02	-2.858333e+00	
2.815000e+01	-2.321026e-02	0	5.095627e+02	-1.155880e+01	
2.820000e+01	3.952292e-02	0	5.091787e+02	2.095233e+01	
2.825000e+01	4.107683e-02	0	4.849760e+02	2.077463e+01	
2.830000e+01	-2.376609e-03	0	5.112440e+02	-1.212146e+00	
2.835000e+01	7.469426e-03	0	5.477168e+02	4.121919e+00	
2.840000e+01	-1.326927e-02	0	5.294696e+02	-6.933670e+00	
2.845000e+01	1.112252e-02	0	5.069302e+02	5.701761e+00	
2.850000e+01	-1.526273e-02	0	5.111949e+02	-7.684937e+00	
2.855000e+01	3.174961e-02	0	4.937817e+02	1.619145e+01	
2.860000e+01	-7.172022e-03	0	4.951446e+02	-3.525900e+00	
2.865000e+01	3.647313e-02	0	5.384481e+02	2.038229e+01	
2.870000e+01	3.808276e-02	0	5.345559e+02	2.116332e+01	
2.875000e+01	1.606758e-02	0	4.976839e+02	8.127160e+00	
2.880000e+01	1.585691e-03	0	4.890789e+02	7.767599e-01	
2.885000e+01	1.159596e-02	0	5.353494e+02	6.280719e+00	
2.890000e+01	-1.291448e-02	0	4.873638e+02	-6.213801e+00	
2.895000e+01	-4.517481e-02	0	5.040488e+02	-2.178612e+01	
29	-7.550133e-04	0	5.179772e+02	-3.907846e-01	
2.905000e+01	-1.298562e-02	0	4.867434e+02	-6.239638e+00	
2.910000e+01	3.045357e-02	0	4.773600e+02	1.499393e+01	
2.915000e+01	1.204800e-03	0	4.735724e+02	5.712480e-01	
2.920000e+01	2.216752e-02	0	5.071828e+02	1.149786e+01	
2.925000e+01	9.987032e-03	0	4.487704e+02	4.527096e+00	
2.930000e+01	1.416774e-03	0	4.906180e+02	6.960810e-01	
2.935000e+01	-7.104576e-02	0	5.096229e+02	-3.380485e+01	
2.940000e+01	-3.843150e-02	0	5.016705e+02	-1.856642e+01	
2.945000e+01	7.920575e-03	0	5.389762e+02	4.303084e+00	
2.950000e+01	3.079196e-02	0	5.273033e+02	1.675255e+01	
2.955000e+01	1.277663e-02	0	4.946519e+02	6.401777e+00	
2.960000e+01	1.762530e-02	0	5.114003e+02	9.175303e+00	
2.965000e+01	-1.650204e-02	0	4.833649e+02	-7.847015e+00	
2.970000e+01	2.759892e-03	0	4.698668e+02	1.300370e+00	
2.975000e+01	1.054216e-03	0	4.780574e+02	5.045074e-01	
2.980000e+01	9.323852e-03	0	4.850284e+02	4.564896e+00	
2.985000e+01	1.617445e-04	0	4.756103e+02	7.693981e-02	
2.990000e+01	-1.096275e-02	0	5.079529e+02	-5.508173e+00	
2.995000e+01	-5.686340e-02	0	5.124195e+02	-2.757018e+01	
30	0	0	1.435129e+01	-3.448626e+01	
3.005000e+01	0	0	2.796960e+00	-1.687524e-01	
3.010000e+01	0	0	-1.827931e+00	-1.452711e+01	
3.015000e+01	0	0	7.448111e+00	1.902318e+01	
3.020000e+01	0	0	-1.526444e+01	-7.053831e+00	
3.025000e+01	0	0	1.081226e+01	-2.224497e+00	
3.030000e+01	0	0	-9.552952e-01	-1.066246e+01	
3.035000e+01	0	0	9.149627e+00	6.342839e+00	
3.040000e+01	0	0	2.775907e+00	-2.905335e+00	
3.045000e+01	0	0	3.118466e+00	-6.512907e+00	
3.050000e+01	0	0	4.660680e+00	9.369569e+00	
3.055000e+01	0	0	-1.425318e+01	1.774778e+01	
3.060000e+01	0	0	1.082547e+00	-3.055770e+00	
3.065000e+01	0	0	-1.212965e+01	-5.342084e+00	
3.070000e+01	0	0	3.851089e+00	-6.997789e+00	
3.075000e+01	0	0	1.215153e+01	1.953827e+01	
3.080000e+01	0	0	6.741732e+00	-1.248859e+01	
3.085000e+01	0	0	-1.366790e+00	3.685165e+00	
3.090000e+01	0	0	-9.304846e+00	-8.911602e+00	
3.095000e+01	0	0	-1.530562e+01	-5.235992e+00	
31	0	0	2.127964e+00	1.787568e+01	
3.105000e+01	0	0	1.980045e+01	-2.605413e+01	
3.110000e+01	0	0	2.586381e+00	1.456236e+01	
3.115000e+01	0	0	3.521490e-01	-1.757306e+00	
3.120000e+01	0	0	7.918761e+00	-1.864833e+01	
3.125000e+01	0	0	-2.301166e+00	8.677216e+00	
3.130000e+01	0	0	6.942570e+00	2.158659e+01	
3.135000e+01	0	0	-1.902095e+00	1.350859e+00	
3.140000e+01	0	0	1.102978e+01	-6.172780e-01	
3.145000e+01	0	0	-3.089386e+00	-9.734749e+00	
3.150000e+01	0	0	-6.920920e+00	-5.592111e+00	
3.155000e+01	0	0	2.269699e+01	1.912777e+00	
3.160000e+01	0	0	-8.407833e+00	1.772213e+01	
3.165000e+01	0	0	-4.312442e-01	-3.231652e+00	
3.170000e+01	0	0	4.012150e+00	1.251909e+01	
3.175000e+01	0	0	-1.748488e+00	1.465166e+01	
3.180000e+01	0	0	6.561491e-01	1.043023e+01	
3.185000e+01	0	0	-9.082267e-01	-4.098970e-01	
3.190000e+01	0	0	-2.729872e+01	1.440165e+01	
3.195000e+01	0	0	-6.003973e+00	-2.413070e+01	
32	0	0	-1.757839e+00	-4.861342e+00	
3.205000e+01	0	0	-8.686706e+00	-8.621576e+00	
3.210000e+01	0	0	6.541284e+00	3.039446e+00	
3.215000e+01	0	0	-1.821809e+01	-2.886324e+00	
3.220000e+01	0	0	-4.517597e+00	-9.529372e+00	
3.225000e+01	0	0	-7.126626e+00	3.124545e+01	
3.230000e+01	0	0	9.164437e+00	7.497838e+00	
3.235000e+01	0	0	8.029987e+00	-8.060329e+00	
3.240000e+01	0	0	3.929144e+00	1.451827e+01	
3.245000e+01	0	0	2.014231e+00	4.442875e+00	
3.250000e+01	0	0	-1.088163e+01	-2.126785e+00	
3.255000e+01	0	0	3.459861e+00	-1.154436e+01	
3.260000e+01	0	0	6.333048e+00	-1.274921e+01	
3.265000e+01	0	0	1.057724e+01	-1.522792e+01	
3.270000e+01	0	0	-2.788957e+00	8.399586e+00	
3.275000e+01	0	0	1.493838e+01	-1.072965e+01	
3.280000e+01	0	0	1.506802e+01	-3.791061e+00	
3.285000e+01	0	0	1.104041e+01	1.107461e+01	
3.290000e+01	0	0	-8.899350e+00	1.001546e+01	
3.295000e+01	0	0	5.026339e+00	-2.347264e+00	
33	0	0	-1.442814e+01	4.529634e+00	
3.305000e+01	0	0	6.359973e+00	2.527195e+01	
3.310000e+01	0	0	2.108698e+00	4.586171e+00	
3.315000e+01	0	0	-3.379545e+00	1.332745e+01	
3.320000e+01	0	0	-7.673951e+00	-1.691306e+01	
3.325000e+01	0	0	-5.840000e+00	5.250647e+00	
3.330000e+01	0	0	-2.031951e+01	1.155918e+01	
3.335000e+01	0	0	-1.547390e+01	-1.192519e+01	
3.340000e+01	0	0	-1.410941e+01	-1.667866e+01	
3.345000e+01	0	0	-6.807278e+00	-1.894042e+01	
3.350000e+01	0	0	4.209934e+00	-1.287388e+01	
3.355000e+01	0	0	-2.179704e+01	1.703463e+01	
3.360000e+01	0	0	-5.722992e-01	1.584532e+01	
3.365000e+01	0	0	-1.777089e+01	-1.561259e+00	
3.370000e+01	0	0	4.270869e-01	-1.522168e+01	
3.375000e+01	0	0	1.876046e+00	-6.452720e+00	
3.380000e+01	0	0	6.834840e+00	-2.037101e+01	
3.385000e+01	0	0	-1.372693e+00	-1.905551e+01	
3.390000e+01	0	0	3.385119e+00	9.960289e+00	
3.395000e+01	0	0	1.038707e+01	-1.777289e+00	
34	0	0	5.033282e+00	7.868953e-01	
3.405000e+01	0	0	6.970209e+00	-1.082168e+01	
3.410000e+01	0	0	-1.053061e+01	7.285295e+00	
3.415000e+01	0	0	2.527410e+00	8.141057e+00	
3.420000e+01	0	0	-2.911481e-01	-3.334306e+00	
3.425000e+01	0	0	-1.476418e+01	-1.999392e+00	
3.430000e+01	0	0	1.766189e+01	-3.562283e+00	
3.435000e+01	0	0	-1.200228e+01	6.705911e-01	
3.440000e+01	0	0	-1.256259e+00	-1.155944e+01	
3.445000e+01	0	0	1.962013e+01	-2.596718e+00	
3.450000e+01	0	0	4.766335e+00	-3.101760e+01	
3.455000e+01	0	0	-3.312375e+00	1.299770e+01	
3.460000e+01	0	0	1.126804e+01	-4.726678e+00	
3.465000e+01	0	0	1.781196e+01	1.037417e+01	
3.470000e+01	0	0	-3.141662e+00	-8.137905e+00	
3.475000e+01	0	0	1.710623e+01	-1.818113e+01	
3.480000e+01	0	0	1.070681e+01	7.736654e+00	
3.485000e+01	0	0	1.646709e+01	1.551962e+01	
3.490000e+01	0	0	1.341626e+01	-1.032060e+01	
3.495000e+01	0	0	3.960835e+00	-1.448577e+00	
35	0	0	-1.427689e+01	-1.210483e+01	
3.505000e+01	0	0	1.057129e+01	-2.987792e+01	
3.510000e+01	0	0	7.032166e+00	-8.522495e+00	
3.515000e+01	0	0	-9.148308e+00	2.857123e+01	
3.520000e+01	0	0	5.834284e+00	-1.610558e+00	
3.525000e+01	0	0	-1.414455e+00	-7.850442e+00	
3.530000e+01	0	0	6.126272e+00	6.397629e+00	
3.535000e+01	0	0	1.695922e+00	-2.604330e+00	
3.540000e+01	0	0	1.609564e+01	7.585560e+00	
3.545000e+01	0	0	-1.797967e+01	1.085815e+01	
3.550000e+01	0	0	9.289692e+00	9.604920e+00	
3.555000e+01	0	0	5.556760e+00	1.704691e+01	
3.560000e+01	0	0	-2.631634e+00	1.253211e+01	
3.565000e+01	0	0	-1.297054e+01	-1.612863e+01	
3.570000e+01	0	0	7.808680e+00	3.381397e-02	
3.575000e+01	0	0	-1.693106e+01	-4.932867e+00	
3.580000e+01	0	0	1.109016e+01	1.591038e+01	
3.585000e+01	0	0	6.651324e+00	2.882459e+00	
3.590000e+01	0	0	-1.685628e+01	7.625750e+00	
3.595000e+01	0	0	1.366510e+00	-1.990670e+01	
36	0	0	7.648221e+00	4.104520e+00	
3.605000e+01	0	0	-1.367576e+00	-3.091363e+00	
3.610000e+01	0	0	-1.286751e+01	-3.099127e+00	
3.615000e+01	0	0	1.146762e+01	-1.457618e+01	
3.620000e+01	0	0	1.577212e+01	7.362771e+00	
3.625000e+01	0	0	-3.323370e+00	2.962896e+01	
3.630000e+01	0	0	5.770758e+00	1.628908e+01	
3.635000e+01	0	0	6.171903e+00	3.737462e+00	
3.640000e+01	0	0	2.469362e+01	-4.088757e+00	
3.645000e+01	0	0	1.030784e+01	-1.208494e+01	
3.650000e+01	0	0	-2.555511e+00	-1.249415e+01	
3.655000e+01	0	0	2.479519e-01	4.799181e-01	
3.660000e+01	0	0	2.544158e+00	-4.433807e-01	
3.665000e+01	0	0	1.991167e+01	-1.988793e+01	
3.670000e+01	0	0	1.550771e+01	-1.883005e+00	
3.675000e+01	0	0	1.260548e+01	-1.861463e+01	
3.680000e+01	0	0	4.002936e+00	1.180342e+01	
3.685000e+01	0	0	1.241951e+01	-1.529546e+00	
3.690000e+01	0	0	-2.243173e+01	1.287070e+01	
3.695000e+01	0	0	-1.059313e+01	1.837381e+00	
37	0	0	3.377680e+00	1.131756e+01	
3.705000e+01	0	0	4.761332e-01	4.456603e+00	
3.710000e+01	0	0	1.340905e+01	-8.818882e-01	
3.715000e+01	0	0	-9.205456e-01	3.076261e+00	
3.720000e+01	0	0	2.511399e+01	2.201423e+01	
3.725000e+01	0	0	-1.683492e+01	-3.478162e+01	
3.730000e+01	0	0	5.060174e+00	-1.624089e+01	
3.735000e+01	0	0	5.197623e+00	-6.609024e+00	
3.740000e+01	0	0	3.748990e-01	7.865095e+00	
3.745000e+01	0	0	5.114507e+00	1.040847e+01	
3.750000e+01	0	0	1.883806e+01	-2.593537e+01	
3.755000e+01	0	0	-4.862012e+00	9.661798e+00	
3.760000e+01	0	0	-1.657417e+01	-1.098543e+01	
3.765000e+01	0	0	8.483695e+00	4.842267e+00	
3.770000e+01	0	0	-7.883529e+00	-2.213929e+00	
3.775000e+01	0	0	6.626523e+00	-9.835145e+00	
3.780000e+01	0	0	3.519038e+00	-2.071432e+00	
3.785000e+01	0	0	1.250323e+01	1.323710e+01	
3.790000e+01	0	0	3.018933e+00	-1.009853e+01	
3.795000e+01	0	0	1.398698e+01	1.196150e+01	
38	0	0	9.117555e+00	2.571461e+00	
3.805000e+01	0	0	-1.062307e+01	2.312489e+00	
3.810000e+01	0	0	1.513576e+01	3.781522e+00	
3.815000e+01	0	0	-8.970101e+00	-6.216376e+00	
3.820000e+01	0	0	1.041963e+01	-5.838130e-01	
3.825000e+01	0	0	4.175368e+00	-2.655399e+00	
3.830000e+01	0	0	-3.560360e+00	-9.260701e+00	
3.835000e+01	0	0	-3.705980e+00	-1.284025e+01	
3.840000e+01	0	0	-1.215324e+01	3.924373e+00	
3.845000e+01	0	0	-6.885932e+00	6.325074e+00	
3.850000e+01	0	0	-3.577253e+00	-8.081349e+00	
3.855000e+01	0	0	5.346817e+00	-7.457292e+00	
3.860000e+01	0	0	2.647678e+01	-3.097380e-01	
3.865000e+01	0	0	-1.496896e+01	-6.156652e+00	
3.870000e+01	0	0	2.208551e+01	1.227466e+01	
3.875000e+01	0	0	1.780862e+01	-4.896543e-01	
3.880000e+01	0	0	3.071509e+00	-1.396589e+01	
3.885000e+01	0	0	-1.905387e+01	1.427314e+01	
3.890000e+01	0	0	3.940366e+00	-1.581060e+01	
3.895000e+01	0	0	-1.133944e+01	-3.993100e+00	
39	0	0	1.582588e+00	8.796897e+00	
3.905000e+01	0	0	-1.781916e+01	8.123500e+00	
3.910000e+01	0	0	-1.693851e+01	-1.320246e+01	
3.915000e+01	0	0	-1.618461e+01	1.740697e+00	
3.920000e+01	0	0	-1.355170e+01	-2.585096e+00	
3.925000e+01	0	0	-2.583502e+00	-8.095235e+00	
3.930000e+01	0	0	1.184081e+01	-5.318900e-01	
3.935000e+01	0	0	2.264046e+01	6.573852e+00	
3.940000e+01	0	0	-5.437001e+00	2.039987e+01	
3.945000e+01	0	0	1.560412e+01	-8.370556e+00	
3.950000e+01	0	0	7.259947e+00	5.569029e+00	
3.955000e+01	0	0	-1.872622e+01	-3.599109e+00	
3.960000e+01	0	0	5.103582e-01	-2.030648e+01	
3.965000e+01	0	0	-4.974556e+00	-1.265488e+01	
3.970000e+01	0	0	-2.072028e+01	4.095208e-01	
3.975000e+01	0	0	-7.229169e+00	2.654191e+00	
3.980000e+01	0	0	-6.410920e+00	1.239984e+01	
3.985000e+01	0	0	1.517415e+00	1.091094e+01	
3.990000e+01	0	0	-2.640439e+00	-8.091568e+00	
3.995000e+01	0	0	-1.392619e+01	-6.159995e+00	
40	0	0	-8.052112e-01	-4.768307e+00	
4.005000e+01	0	0	-2.717613e+00	-3.980148e+00	
4.010000e+01	0	0	-6.018124e-01	-5.233029e-01	
4.015000e+01	0	0	5.936759e+00	-4.172301e-02	
4.020000e+01	0	0	-1.654317e+01	-3.775360e+00	
4.025000e+01	0	0	-1.141264e+01	-4.961056e+00	
4.030000e+01	0	0	1.624876e+01	1.104512e+01	
4.035000e+01	0	0	7.609276e+00	1.762131e-01	
4.040000e+01	0	0	2.966823e+00	1.153668e+01	
4.045000e+01	0	0	1.396612e+00	6.837107e-01	
4.050000e+01	0	0	-1.857487e+00	-1.164952e+01	
4.055000e+01	0	0	1.100482e+01	9.807356e+00	
4.060000e+01	0	0	-8.314267e+00	-1.708603e+01	
4.065000e+01	0	0	-8.138659e+00	2.513957e+01	
4.070000e+01	0	0	2.648015e+00	-1.022820e+01	
4.075000e+01	0	0	2.803808e+00	6.723118e+00	
4.080000e+01	0	0	3.312915e+00	7.706811e-01	
4.085000e+01	0	0	-6.442977e+00	7.705108e+00	
4.090000e+01	0	0	-1.001356e+01	-1.109851e-01	
4.095000e+01	0	0	8.324349e+00	-9.786880e+00	
41	0	0	1.112267e+01	-2.658591e+00	
4.105000e+01	0	0	8.280545e+00	-7.660890e+00	
4.110000e+01	0	0	1.166434e+01	-7.155494e+00	
4.115000e+01	0	0	-1.052153e+01	2.991827e+00	
4.120000e+01	0	0	-4.562174e+00	7.750908e+00	
4.125000e+01	0	0	-1.758744e+00	4.303290e+00	
4.130000e+01	0	0	2.389301e+01	-2.065001e+01	
4.135000e+01	0	0	3.770460e+00	-1.903925e+01	
4.140000e+01	0	0	8.932981e+00	-1.408270e+01	
4.145000e+01	0	0	7.455564e+00	9.160467e+00	
4.150000e+01	0	0	-1.350662e+01	2.312937e+01	
4.155000e+01	0	0	-1.299713e+01	7.521635e+00	
4.160000e+01	0	0	-1.140039e+01	-2.948116e+00	
4.165000e+01	0	0	8.180766e-01	-4.376290e+00	
4.170000e+01	0	0	-1.070125e+01	-1.165691e+01	
4.175000e+01	0	0	3.622555e+00	-2.734166e+01	
4.180000e+01	0	0	5.299626e+00	-7.054585e+00	
4.185000e+01	0	0	-3.726005e+00	1.595482e+01	
4.190000e+01	0	0	7.850041e+00	9.824752e+00	
4.195000e+01	0	0	-2.676671e+00	1.809253e+01	
42	0	0	6.948225e+00	2.522718e+01	
4.205000e+01	0	0	-1.986900e+01	8.914375e+00	
4.210000e+01	0	0	6.373014e+00	-1.791153e+01	
4.215000e+01	0	0	1.311661e+01	-1.940800e+01	
4.220000e+01	0	0	-1.331070e+01	2.058432e+01	
4.225000e+01	0	0	2.883535e-01	7.732461e+00	
4.230000e+01	0	0	-2.196270e+00	9.519288e+00	
4.235000e+01	0	0	-7.264678e+00	1.341211e+01	
4.240000e+01	0	0	4.388622e+00	1.404861e+00	
4.245000e+01	0	0	-1.131778e+01	1.167128e+01	
4.250000e+01	0	0	1.901452e-01	1.443668e+01	
4.255000e+01	0	0	-2.726654e+01	-6.938113e+00	
4.260000e+01	0	0	9.686120e+00	-1.122467e+01	
4.265000e+01	0	0	1.772801e+01	-3.348650e+00	
4.270000e+01	0	0	-1.574789e+01	-7.631275e+00	
4.275000e+01	0	0	3.224438e+01	-7.565441e+00	
4.280000e+01	0	0	-5.630419e+00	-3.086079e+01	
4.285000e+01	0	0	6.293029e+00	-1.189846e-01	
4.290000e+01	0	0	3.239865e-01	-7.125139e+00	
4.295000e+01	0	0	9.354185e+00	-1.035372e+01	
43	0	0	-1.124223e+01	9.359603e+00	
4.305000e+01	0	0	1.457673e+01	-6.589041e+00	
4.310000e+01	0	0	1.299375e+01	-9.066137e+00	
4.315000e+01	0	0	-1.346207e+01	7.542399e+00	
4.320000e+01	0	0	7.669504e+00	-6.708778e-01	
4.325000e+01	0	0	4.856315e+00	6.333266e+00	
4.330000e+01	0	0	-5.639759e+00	-5.669919e-01	
4.335000e+01	0	0	-2.962189e+01	-2.020868e+01	
4.340000e+01	0	0	5.570941e+00	4.821013e-01	
4.345000e+01	0	0	1.136170e+01	4.799692e-01	
4.350000e+01	0	0	1.553215e+01	1.123010e+00	
4.355000e+01	0	0	8.499781e-01	-1.155743e+00	
4.360000e+01	0	0	6.808666e+00	5.500478e+00	
4.365000e+01	0	0	-1.233812e+01	-4.672602e+00	
4.370000e+01	0	0	-5.641773e+00	-7.760663e+00	
4.375000e+01	0	0	-1.132302e+01	-2.165719e+01	
4.380000e+01	0	0	1.649095e+01	1.051603e+01	
4.385000e+01	0	0	-1.612059e+01	-1.259843e+01	
4.390000e+01	0	0	2.696913e+01	-1.259349e+01	
4.395000e+01	0	0	1.929796e+01	-1.130491e+01	
44	0	0	7.804166e+00	-2.303853e+01	
4.405000e+01	0	0	-1.345661e+00	1.215911e+01	
4.410000e+01	0	0	-8.816294e+00	2.188217e+00	
4.415000e+01	0	0	-2.005426e+01	1.184700e+01	
4.420000e+01	0	0	-6.353443e-01	4.727818e+00	
4.425000e+01	0	0	-2.894878e+01	4.541122e+00	
4.430000e+01	0	0	2.663996e+01	-2.401884e+01	
4.435000e+01	0	0	-1.601559e+01	-4.509297e+00	
4.440000e+01	0	0	-3.092468e+00	1.069778e+01	
4.445000e+01	0	0	8.499801e+00	-3.212944e+01	
4.450000e+01	0	0	-5.701997e+00	-9.144073e+00	
4.455000e+01	0	0	9.589535e+00	-4.829437e+00	
4.460000e+01	0	0	1.932917e+01	-2.151801e+01	
4.465000e+01	0	0	1.290841e+01	1.482191e+01	
4.470000e+01	0	0	1.219071e+01	-1.704546e+01	
4.475000e+01	0	0	1.205440e+00	-1.244794e+01	
4.480000e+01	0	0	1.536275e+01	-4.981650e+00	
4.485000e+01	0	0	1.199461e+01	-1.388760e+01	
4.490000e+01	0	0	1.966427e+00	-1.566412e+01	
4.495000e+01	0	0	-5.443223e+00	1.883692e+01	
45	0	0	3.797848e+00	4.204272e+00	
4.505000e+01	0	0	-6.645464e+00	1.277906e+01	
4.510000e+01	0	0	-9.684420e+00	-7.860398e+00	
4.515000e+01	0	0	1.892868e+01	1.917138e+01	
4.520000e+01	0	0	-5.088599e+00	3.860634e+00	
4.525000e+01	0	0	-1.300318e+01	1.593963e+01	
4.530000e+01	0	0	-5.545556e+00	-9.700390e+00	
4.535000e+01	0	0	-6.269650e+00	4.746512e+00	
4.540000e+01	0	0	-1.673185e+01	-1.657486e+00	
4.545000e+01	0	0	-1.855415e+01	-8.273720e+00	
4.550000e+01	0	0	1.571636e+01	1.456497e+01	
4.555000e+01	0	0	-3.717131e+00	1.011474e+01	
4.560000e+01	0	0	1.846336e+01	2.021111e+00	
4.565000e+01	0	0	-1.864433e+00	1.063177e+01	
4.570000e+01	0	0	7.566322e-01	-1.106650e+01	
4.575000e+01	0	0	-1.726019e+01	-4.646552e+00	
4.580000e+01	0	0	-1.799508e+00	1.120473e+00	
4.585000e+01	0	0	1.601252e+01	-3.781338e+00	
4.590000e+01	0	0	-1.859110e+01	-1.770043e+01	
4.595000e+01	0	0	1.459252e+00	7.160738e+00	
46	0	0	1.679429e+01	9.982817e+00	
4.605000e+01	0	0	3.098848e+00	4.103335e+00	
4.610000e+01	0	0	1.157208e+01	-2.406802e+00	
4.615000e+01	0	0	-2.543999e+01	6.816346e+00	
4.620000e+01	0	0	5.139277e+00	-7.933752e+00	
4.625000e+01	0	0	-5.498674e+00	1.078029e+01	
4.630000e+01	0	0	1.202160e+01	2.173886e+01	
4.635000e+01	0	0	-2.278405e+00	2.243407e+01	
4.640000e+01	0	0	-5.104580e+00	-2.156898e+00	
4.645000e+01	0	0	-7.862109e+00	-1.252419e+01	
4.650000e+01	0	0	-1.747706e+01	-1.414038e+01	
4.655000e+01	0	0	-1.996068e+01	7.689061e+00	
4.660000e+01	0	0	-3.144497e+00	1.187607e+01	
4.665000e+01	0	0	2.639751e+01	6.845378e+00	
4.670000e+01	0	0	4.565233e+00	-1.027563e+01	
4.675000e+01	0	0	-4.186690e+00	-1.099855e+01	
4.680000e+01	0	0	-4.161471e+00	2.021244e+01	
4.685000e+01	0	0	-4.962788e-01	-8.635906e-01	
4.690000e+01	0	0	4.775638e+00	3.577415e+00	
4.695000e+01	0	0	-2.305117e+01	2.373083e+01	
47	0	0	-2.652565e+00	5.996728e+00	
4.705000e+01	0	0	1.710944e+01	-1.390039e+01	
4.710000e+01	0	0	-9.199258e-01	-1.514710e+01	
4.715000e+01	0	0	-1.593958e+01	1.386274e+01	
4.720000e+01	0	0	1.907330e+00	-5.712036e-01	
4.725000e+01	0	0	1.956320e+01	-4.518391e-01	
4.730000e+01	0	0	-1.532880e+01	2.327524e+00	
4.735000e+01	0	0	2.728647e+00	2.143851e+01	
4.740000e+01	0	0	4.126070e+00	-1.059014e+00	
4.745000e+01	0	0	6.232049e+00	-2.912691e+01	
4.750000e+01	0	0	1.565965e+01	2.732952e+00	
4.755000e+01	0	0	-1.509483e+01	-8.946412e-01	
4.760000e+01	0	0	-1.590636e+01	-1.492284e+01	
4.765000e+01	0	0	1.106414e+00	-1.901094e+01	
4.770000e+01	0	0	-3.859913e+00	-1.537624e+01	
4.775000e+01	0	0	1.061637e+00	-8.961186e+00	
4.780000e+01	0	0	6.072312e+00	2.446022e+01	
4.785000e+01	0	0	-4.318028e+00	-1.794956e+00	
4.790000e+01	0	0	2.055980e+01	-2.161270e+00	
4.795000e+01	0	0	6.160606e+00	-1.306802e+00	
48	0	0	1.736633e+01	-9.808455e+00	
4.805000e+01	0	0	2.388971e+00	1.845488e+01	
4.810000e+01	0	0	-2.246298e+01	3.453072e+00	
4.815000e+01	0	0	-1.413385e+00	2.665350e+00	
4.820000e+01	0	0	-5.832951e-01	-1.300010e+01	
4.825000e+01	0	0	2.035685e+01	-4.437958e+00	
4.830000e+01	0	0	1.531194e+00	-8.429689e-01	
4.835000e+01	0	0	-2.319256e+01	-2.358147e+00	
4.840000e+01	0	0	5.189346e+00	-5.709905e+00	
4.845000e+01	0	0	-7.185453e+00	8.724937e+00	
4.850000e+01	0	0	-8.880153e+00	7.457667e+00	
4.855000e+01	0	0	9.521159e-01	-1.584348e+01	
4.860000e+01	0	0	2.166268e+00	1.086535e+01	
4.865000e+01	0	0	2.489217e+00	-7.053329e+00	
4.870000e+01	0	0	1.780536e+00	-8.570737e+00	
4.875000e+01	0	0	-1.800107e+01	-8.345832e+00	
4.880000e+01	0	0	-2.426460e+00	1.231615e+01	
4.885000e+01	0	0	-1.129789e+01	4.367430e+00	
4.890000e+01	0	0	1.070467e+01	-1.361674e+01	
4.895000e+01	0	0	6.276900e+00	-9.514275e+00	
49	0	0	-2.209503e+00	1.211053e+01	
4.905000e+01	0	0	4.466660e+00	6.334925e-01	
4.910000e+01	0	0	1.211711e+00	1.017953e+01	
4.915000e+01	0	0	-1.153825e+01	1.333506e+01	
4.920000e+01	0	0	-2.139565e+00	1.582871e+00	
4.925000e+01	0	0	-2.421690e+00	-2.031361e-01	
4.930000e+01	0	0	-1.481309e-01	-3.731782e+00	
4.935000e+01	0	0	-4.743366e+00	-4.647927e-01	
4.940000e+01	0	0	2.859057e+00	3.663561e+00	
4.945000e+01	0	0	1.259522e+01	1.281592e+01	
4.950000e+01	0	0	4.852878e+00	3.681794e-01	
4.955000e+01	0	0	-5.695115e+00	-8.572317e+00	
4.960000e+01	0	0	1.115434e+01	-1.825029e-01	
4.965000e+01	0	0	-7.303558e+00	-3.633729e+01	
4.970000e+01	0	0	-1.196510e+01	-3.671476e+01	
4.975000e+01	0	0	-2.130767e+01	3.436997e+00	
4.980000e+01	0	0	-6.050627e+00	-4.030316e+00	
4.985000e+01	0	0	4.924396e+00	5.116726e+00	
4.990000e+01	0	0	3.000661e+00	-1.565508e+01	
4.995000e+01	0	0	-1.950554e+01	-9.306354e+00	
50	0	0	1.020349e+01	1.149827e+01	
5.005000e+01	0	0	1.714765e+01	1.175802e+01	
5.010000e+01	0	0	2.521530e+00	-2.041465e+01	
5.015000e+01	0	0	-1.376731e+01	-1.710114e+01	
5.020000e+01	0	0	-1.128886e+01	1.595308e+01	
5.025000e+01	0	0	-7.432887e+00	1.505995e+01	
5.030000e+01	0	0	1.628205e+01	2.748913e+01	
5.035000e+01	0	0	2.342869e+01	5.934093e+00	
5.040000e+01	0	0	-5.819881e+00	1.171941e+01	
5.045000e+01	0	0	1.240128e+01	-3.966808e-01	
5.050000e+01	0	0	-1.507060e+01	3.465204e+00	
5.055000e+01	0	0	7.081760e+00	4.541115e+00	
5.060000e+01	0	0	-3.362199e+00	-1.766173e+01	
5.065000e+01	0	0	-1.607697e+01	1.079385e+01	
5.070000e+01	0	0	-1.447907e+01	-4.658884e-01	
5.075000e+01	0	0	3.574642e+00	3.138592e+00	
5.080000e+01	0	0	6.182596e+00	8.186236e+00	
5.085000e+01	0	0	3.394799e+00	7.662282e+00	
5.090000e+01	0	0	-1.143623e+01	-2.611617e+01	
5.095000e+01	0	0	7.336852e+00	-1.034640e+01	
51	0	0	-1.634141e+01	2.435995e+00	
5.105000e+01	0	0	-6.172192e+00	4.548329e+00	
5.110000e+01	0	0	8.646667e+00	1.835324e+00	
5.115000e+01	0	0	-1.072812e+01	-1.326680e+01	
5.120000e+01	0	0	1.750996e+01	9.636179e-01	
5.125000e+01	0	0	2.985779e-01	-1.072379e+01	
5.130000e+01	0	0	-1.434001e+00	1.908382e+01	
5.135000e+01	0	0	-1.227226e+01	8.099399e+00	
5.140000e+01	0	0	1.804728e+01	-1.224697e+00	
5.145000e+01	0	0	-5.861584e+00	9.608595e+00	
5.150000e+01	0	0	-1.154737e+01	1.205603e+00	
5.155000e+01	0	0	-6.624517e+00	-4.023114e+00	
5.160000e+01	0	0	6.533433e+00	-8.351306e+00	
5.165000e+01	0	0	1.509683e+01	-1.279607e+01	
5.170000e+01	0	0	-2.954356e+01	-6.230951e+00	
5.175000e+01	0	0	-2.597567e+00	9.398191e+00	
5.180000e+01	0	0	9.751098e+00	-2.225561e+01	
5.185000e+01	0	0	6.561250e-01	6.718129e+00	
5.190000e+01	0	0	7.156195e+00	-2.741596e+01	
5.195000e+01	0	0	-4.159917e+00	-4.007607e-01	
52	0	0	-2.457176e+01	-4.442299e+00	
5.205000e+01	0	0	-1.518108e+01	1.067064e+01	
5.210000e+01	0	0	-8.929927e+00	3.420159e+00	
5.215000e+01	0	0	-8.516799e+00	2.686720e+01	
5.220000e+01	0	0	-3.433210e+00	3.997296e+00	
5.225000e+01	0	0	-3.047420e+01	1.831444e+00	
5.230000e+01	0	0	-3.366716e+00	1.863267e-01	
5.235000e+01	0	0	-2.132103e+01	4.898939e+00	
5.240000e+01	0	0	2.305524e+01	-1.353007e+01	
5.245000e+01	0	0	7.811582e+00	-5.239407e-01	
5.250000e+01	0	0	-1.060831e+00	-4.145770e+00	
5.255000e+01	0	0	1.926345e+01	2.546647e+01	
5.260000e+01	0	0	-4.723192e+00	1.483692e+01	
5.265000e+01	0	0	6.873791e+00	-4.372606e+00	
5.270000e+01	0	0	-4.670146e+00	8.486342e+00	
5.275000e+01	0	0	-1.175030e+01	-2.378535e+01	
5.280000e+01	0	0	2.876077e+00	1.351218e+01	
5.285000e+01	0	0	-2.670812e+01	-3.271804e+00	
5.290000e+01	0	0	1.663848e+01	-1.474291e+01	
5.295000e+01	0	0	7.370658e+00	1.870395e+01	
53	0	0	-3.123035e+00	2.329449e-01	
5.305000e+01	0	0	-1.326076e-02	-8.974103e+00	
5.310000e+01	0	0	3.168448e+00	1.258642e+01	
5.315000e+01	0	0	1.749965e+01	1.153288e+01	
5.320000e+01	0	0	4.067793e-01	-7.461114e+00	
5.325000e+01	0	0	-2.133545e+01	9.207300e+00	
5.330000e+01	0	0	1.038608e+01	-6.457665e+00	
5.335000e+01	0	0	-4.431320e+00	7.085809e-01	
5.340000e+01	0	0	1.041171e+01	-2.136650e+01	
5.345000e+01	0	0	2.075738e+00	-8.788795e+00	
5.350000e+01	0	0	-5.479382e+00	2.203596e+00	
5.355000e+01	0	0	1.784055e+01	1.050985e+01	
5.360000e+01	0	0	-1.420276e+01	-3.879866e+00	
5.365000e+01	0	0	-6.442237e+00	7.895247e+00	
5.370000e+01	0	0	-7.978319e+00	-5.800932e-01	
5.375000e+01	0	0	1.175414e+01	-9.457277e+00	
5.380000e+01	0	0	9.976238e+00	1.437002e+01	
5.385000e+01	0	0	8.902261e+00	1.468202e+01	
5.390000e+01	0	0	-8.755019e+00	4.219163e+00	
5.395000e+01	0	0	-6.986932e+00	2.180947e+01	
54	0	0	5.580610e-02	2.413260e-01	
5.405000e+01	0	0	1.004659e+00	1.723050e+01	
5.410000e+01	0	0	-7.826980e-01	2.400394e+00	
5.415000e+01	0	0	1.216357e+01	1.029254e+01	
5.420000e+01	0	0	-5.568186e+00	1.473913e+01	
5.425000e+01	0	0	-2.219734e+01	8.241454e+00	
5.430000e+01	0	0	-1.229684e+01	9.047290e+00	
5.435000e+01	0	0	1.272969e+01	2.075425e+01	
5.440000e+01	0	0	1.703440e+01	-1.226585e+01	
5.445000e+01	0	0	8.947499e+00	1.193888e+01	
5.450000e+01	0	0	9.660533e+00	2.551634e+00	
5.455000e+01	0	0	-1.461460e+01	1.281655e+01	
5.460000e+01	0	0	1.138085e+01	2.416637e+01	
5.465000e+01	0	0	3.323517e+00	-6.004077e-01	
5.470000e+01	0	0	-1.041182e+01	1.338505e+01	
5.475000e+01	0	0	1.281149e+01	1.496277e+01	
5.480000e+01	0	0	5.774800e+00	-7.086902e-01	
5.485000e+01	0	0	2.616697e+00	-1.387255e+01	
5.490000e+01	0	0	2.218725e-01	6.613299e+00	
5.495000e+01	0	0	1.435655e+01	2.542446e+00	
55	0	0	-9.207850e+00	-1.796535e+01	
5.505000e+01	0	0	1.042812e+01	1.984098e+00	
5.510000e+01	0	0	-3.950498e+00	8.453739e-01	
5.515000e+01	0	0	1.574595e+01	1.774710e+01	
5.520000e+01	0	0	-3.762458e+01	-1.375567e+01	
5.525000e+01	0	0	-1.902916e+00	3.524447e+00	
5.530000e+01	0	0	-6.552689e+00	-1.932480e+01	
5.535000e+01	0	0	1.888667e+01	5.008887e+00	
5.540000e+01	0	0	-8.055419e+00	3.032072e+00	
5.545000e+01	0	0	1.184760e+01	-6.578220e+00	
5.550000e+01	0	0	9.067931e+00	-1.279042e+01	
5.555000e+01	0	0	7.986248e+00	-1.504585e+01	
5.560000e+01	0	0	-5.221342e+00	8.385949e-01	
5.565000e+01	0	0	8.399334e+00	-2.383727e+01	
5.570000e+01	0	0	-3.825976e+00	1.358180e+01	
5.575000e+01	0	0	-1.418384e+01	-1.562411e+01	
5.580000e+01	0	0	2.238776e+01	-1.285332e+01	
5.585000e+01	0	0	-2.249518e+00	1.292497e+01	
5.590000e+01	0	0	4.212035e+00	1.337477e+01	
5.595000e+01	0	0	9.622313e+00	-1.054471e+01	
56	0	0	6.836464e+00	8.037045e+00	
5.605000e+01	0	0	-2.221849e+00	-7.283267e+00	
5.610000e+01	0	0	1.547846e+00	1.452250e+01	
5.615000e+01	0	0	-1.486124e+01	1.068115e+01	
5.620000e+01	0	0	7.547780e-01	-9.419445e+00	
5.625000e+01	0	0	1.239855e-01	2.618101e+00	
5.630000e+01	0	0	3.095671e+00	2.979443e+00	
5.635000e+01	0	0	6.934449e+00	1.087782e+01	
5.640000e+01	0	0	-4.506501e+00	7.203375e+00	
5.645000e+01	0	0	2.364181e+01	-1.171614e+00	
5.650000e+01	0	0	-5.119880e+00	1.519268e+01	
5.655000e+01	0	0	-1.027794e+01	2.879385e+00	
5.660000e+01	0	0	1.521987e+01	-9.970434e+00	
5.665000e+01	0	0	-2.692113e+01	-1.239462e+01	
5.670000e+01	0	0	1.201661e+01	-1.980423e+01	
5.675000e+01	0	0	2.172925e+01	1.372208e+01	
5.680000e+01	0	0	-1.064388e+01	3.996694e-02	
5.685000e+01	0	0	-1.216927e+01	-5.210602e+00	
5.690000e+01	0	0	-1.328508e+01	1.086801e+01	
5.695000e+01	0	0	-1.895283e+00	3.802833e+00	
57	0	0	-3.031645e+01	-1.874008e+01	
5.705000e+01	0	0	1.078609e+01	7.733941e+00	
5.710000e+01	0	0	1.604405e+01	1.194600e+01	
5.715000e+01	0	0	9.101457e+00	1.708714e+00	
5.720000e+01	0	0	-1.139954e+01	-4.560863e-03	
5.725000e+01	0	0	7.947299e+00	-1.080286e+01	
5.730000e+01	0	0	-2.272985e+01	9.618153e+00	
5.735000e+01	0	0	1.106833e+01	-1.762159e+01	
5.740000e+01	0	0	-5.261997e+00	-4.041720e+00	
5.745000e+01	0	0	3.259457e+00	-1.604656e+01	
5.750000e+01	0	0	-1.053781e+01	-3.093537e+01	
5.755000e+01	0	0	-1.761693e+01	3.057661e+00	
5.760000e+01	0	0	2.826940e+00	-1.978979e+01	
5.765000e+01	0	0	3.844632e+00	1.796967e+00	
5.770000e+01	0	0	1.258640e+00	2.052779e+01	
5.775000e+01	0	0	2.033544e+01	-1.817520e+01	
5.780000e+01	0	0	-4.949940e+00	4.232377e+00	
5.785000e+01	0	0	1.960907e+01	-3.252898e+00	
5.790000e+01	0	0	8.057063e+00	-1.172840e+01	
5.795000e+01	0	0	-9.376143e+00	1.064064e+01	
58	0	0	-8.104714e+00	2.072918e+01	
5.805000e+01	0	0	-1.858763e+01	-5.532532e+00	
5.810000e+01	0	0	1.988540e+01	2.653672e+00	
5.815000e+01	0	0	9.823276e+00	-5.247290e+00	
5.820000e+01	0	0	-7.779187e+00	1.421992e+01	
5.825000e+01	0	0	-7.177783e-01	1.289148e+00	
5.830000e+01	0	0	-2.819226e-01	2.551161e+00	
5.835000e+01	0	0	-9.044226e+00	1.448734e+01	
5.840000e+01	0	0	-3.609335e+00	1.088154e+01	
5.845000e+01	0	0	5.634147e+00	-7.625635e+00	
5.850000e+01	0	0	-9.471440e+00	-1.208738e+01	
5.855000e+01	0	0	9.129048e+00	1.862758e+01	
5.860000e+01	0	0	1.337927e+01	-3.218288e+00	
5.865000e+01	0	0	2.893080e+01	-2.272060e+01	
5.870000e+01	0	0	2.074466e+00	-7.328209e+00	
5.875000e+01	0	0	-2.759338e+00	-2.728627e+00	
5.880000e+01	0	0	1.775947e+01	5.359972e+00	
5.885000e+01	0	0	-1.044176e+01	-8.182604e+00	
5.890000e+01	0	0	-9.111391e-01	-2.437257e+01	
5.895000e+01	0	0	-1.798302e+01	1.215553e+01	
59	0	0	-2.328549e+01	1.371324e+01	
5.905000e+01	0	0	-3.017005e+00	2.566710e+01	
5.910000e+01	0	0	-3.682616e-01	3.178685e+00	
5.915000e+01	0	0	1.135896e+01	1.776335e+00	
5.920000e+01	0	0	9.870699e-01	-3.401509e+00	
5.925000e+01	0	0	1.887581e+01	1.188262e+01	
5.930000e+01	0	0	1.623037e+01	8.870328e+00	
5.935000e+01	0	0	2.258383e+01	-3.702535e+00	
5.940000e+01	0	0	-1.395596e+01	-5.568895e-01	
5.945000e+01	0	0	2.182518e+01	-1.444070e+01	
5.950000e+01	0	0	-1.228165e+01	-1.058466e+01	
5.955000e+01	0	0	-1.220416e+01	6.356707e+00	
5.960000e+01	0	0	2.124397e+01	-1.950762e+01	
5.965000e+01	0	0	-2.211443e+00	2.662655e-01	
5.970000e+01	0	0	-2.116332e+01	2.204073e+01	
5.975000e+01	0	0	1.950833e+01	1.018126e+01	
5.980000e+01	0	0	-1.646406e+01	4.365369e+00	
5.985000e+01	0	0	1.906045e+01	6.702156e+00	
5.990000e+01	0	0	1.915606e+01	3.953268e+00	
5.995000e+01	0	0	-3.891861e+00	-3.338219e+00	
60	0	0	3.329904e+00	-1.948031e+01	
6.005000e+01	0	0	-1.727112e+00	-2.468072e+00	
6.010000e+01	0	0	-1.565653e+01	1.493063e+01	
6.015000e+01	0	0	1.189201e+01	1.837946e+00	
6.020000e+01	0	0	-1.718295e+01	-1.618513e+01	
6.025000e+01	0	0	8.289538e+00	-1.126573e+01	
6.030000e+01	0	0	5.187528e+00	-1.107640e+01	
6.035000e+01	0	0	-3.885109e+00	3.133903e+01	
6.040000e+01	0	0	1.906255e+00	-6.054853e+00	
6.045000e+01	0	0	1.017036e+01	1.579988e+01	
6.050000e+01	0	0	-5.237255e+00	-1.270853e+01	
6.055000e+01	0	0	-9.955839e-01	3.589855e+00	
6.060000e+01	0	0	5.828478e-02	-1.534036e+01	
6.065000e+01	0	0	-1.839869e+01	8.471214e+00	
6.070000e+01	0	0	2.110404e+00	-8.245803e+00	
6.075000e+01	0	0	-1.226981e+00	-8.853325e+00	
6.080000e+01	0	0	-1.035299e+01	1.441274e+01	
6.085000e+01	0	0	-1.771032e+01	-4.613272e+00	
6.090000e+01	0	0	-5.555815e+00	-1.417942e+01	
6.095000e+01	0	0	6.008974e+00	1.308276e+00	
61	0	0	1.997653e+00	-9.108609e+00	
6.105000e+01	0	0	-1.276146e+01	2.104052e+01	
6.110000e+01	0	0	7.339139e+00	-2.834489e+00	
6.115000e+01	0	0	-1.033432e+00	-9.255507e-01	
6.120000e+01	0	0	1.382541e+01	-1.646963e+01	
6.125000e+01	0	0	-9.736013e+00	2.897385e+01	
6.130000e+01	0	0	-3.992203e+00	-9.891580e-01	
6.135000e+01	0	0	9.767745e+00	-9.694665e+00	
6.140000e+01	0	0	1.954928e+01	-2.850856e+01	
6.145000e+01	0	0	-1.466622e+00	-9.607001e+00	
6.150000e+01	0	0	-7.821463e+00	1.041907e+01	
6.155000e+01	0	0	1.121259e+01	1.045468e-01	
6.160000e+01	0	0	-1.479708e+01	1.199145e+01	
6.165000e+01	0	0	-7.055693e+00	-2.084976e+01	
6.170000e+01	0	0	2.583713e+01	7.542845e+00	
6.175000e+01	0	0	-1.458281e+01	-1.082891e+01	
6.180000e+01	0	0	1.150142e+01	1.834410e+00	
6.185000e+01	0	0	-1.908273e+01	1.800193e+01	
6.190000e+01	0	0	8.597689e+00	8.003710e+00	
6.195000e+01	0	0	1.931526e+00	3.135130e+00	
62	0	0	-9.441581e+00	9.156195e+00	
6.205000e+01	0	0	-5.416512e+00	2.643458e+00	
6.210000e+01	0	0	-6.121532e+00	1.532044e+01	
6.215000e+01	0	0	-2.949864e+00	-6.229860e+00	
6.220000e+01	0	0	-4.581092e+00	-1.707704e+01	
6.225000e+01	0	0	-7.179592e+00	1.360717e+00	
6.230000e+01	0	0	1.964667e+01	-1.142016e+01	
6.235000e+01	0	0	-7.779582e+00	-6.122753e+00	
6.240000e+01	0	0	3.397971e+01	-2.069123e+00	
6.245000e+01	0	0	1.333306e+01	5.412457e+00	
6.250000e+01	0	0	3.299145e+00	1.368700e+01	
6.255000e+01	0	0	3.664149e+00	1.326405e+01	
6.260000e+01	0	0	-3.153207e+00	1.522887e+01	
6.265000e+01	0	0	-4.408539e-01	1.942706e+01	
6.270000e+01	0	0	-1.796459e-01	-1.583243e+01	
6.275000e+01	0	0	1.288451e+01	6.786654e+00	
6.280000e+01	0	0	-2.120090e+00	3.419325e+00	
6.285000e+01	0	0	4.860976e+00	-2.675410e+01	
6.290000e+01	0	0	6.303425e+00	1.424237e+01	
6.295000e+01	0	0	4.536144e-01	-8.119367e+00	
63	0	0	-2.495540e+00	-4.095080e+00	
6.305000e+01	0	0	8.429198e+00	-6.986410e+00	
6.310000e+01	0	0	-3.253293e+00	-1.000456e+01	
6.315000e+01	0	0	-6.611873e+00	-2.470106e+00	
6.320000e+01	0	0	8.716623e+00	2.841779e+01	
6.325000e+01	0	0	-1.580937e+01	-5.190072e+00	
6.330000e+01	0	0	-4.155967e+00	1.228810e+00	
6.335000e+01	0	0	-6.994937e+00	8.699972e+00	
6.340000e+01	0	0	-1.693192e+00	1.056818e+00	
6.345000e+01	0	0	7.986670e+00	-4.633538e+00	
6.350000e+01	0	0	9.279996e+00	-4.969932e-01	
6.355000e+01	0	0	3.374968e+00	6.696083e+00	
6.360000e+01	0	0	-1.505450e+01	1.419090e+01	
6.365000e+01	0	0	-4.450806e+00	7.418210e+00	
6.370000e+01	0	0	-1.571029e+00	2.093269e+01	
6.375000e+01	0	0	7.848243e+00	2.742657e+00	
6.380000e+01	0	0	-2.487342e-02	-1.101457e+01	
6.385000e+01	0	0	-6.401585e+00	4.107445e+00	
6.390000e+01	0	0	9.588357e+00	6.374787e+00	
6.395000e+01	0	0	-7.667207e+00	-1.315811e+00	
64	0	0	-1.229898e+01	4.955705e+00	
6.405000e+01	0	0	1.156911e+01	1.253825e+01	
6.410000e+01	0	0	-1.862032e+00	-1.796550e+01	
6.415000e+01	0	0	1.964987e+01	-2.714349e+00	
6.420000e+01	0	0	4.106021e+00	1.561563e+00	
6.425000e+01	0	0	1.036851e+01	7.392547e+00	
6.430000e+01	0	0	-7.030276e+00	-1.453376e+01	
6.435000e+01	0	0	-2.909280e+00	-9.521280e-02	
6.440000e+01	0	0	8.216130e+00	-1.350314e+01	
6.445000e+01	0	0	-1.525554e+00	8.596122e+00	
6.450000e+01	0	0	-1.853385e+01	-1.308835e+01	
6.455000e+01	0	0	8.466880e+00	9.173523e+00	
6.460000e+01	0	0	1.771908e+00	-7.384176e+00	
6.465000e+01	0	0	4.333283e-01	-4.769258e+00	
6.470000e+01	0	0	-3.189872e+00	-6.524570e+00	
6.475000e+01	0	0	-1.714433e+01	9.912390e-01	
6.480000e+01	0	0	-6.415815e+00	-5.792268e+00	
6.485000e+01	0	0	2.973686e+01	-6.235070e+00	
6.490000e+01	0	0	-8.233596e+00	9.312841e+00	
6.495000e+01	0	0	2.312828e+01	-1.125003e+01	
65	0	0	1.018894e+01	1.223493e+01	
6.505000e+01	0	0	-1.532232e+01	1.196346e+01	
6.510000e+01	0	0	8.299103e+00	-6.122705e-01	
6.515000e+01	0	0	-4.126060e+00	5.648913e+00	
6.520000e+01	0	0	-1.306882e+01	5.298862e+00	
6.525000e+01	0	0	9.180818e+00	-1.394140e+01	
6.530000e+01	0	0	7.823305e+00	2.957805e+01	
6.535000e+01	0	0	9.386501e+00	1.316858e+01	
6.540000e+01	0	0	6.858293e+00	3.850001e+00	
6.545000e+01	0	0	-3.399814e+00	-3.221386e+01	
6.550000e+01	0	0	-9.959558e+00	-1.298873e+01	
6.555000e+01	0	0	2.337559e+01	-1.492577e+01	
6.560000e+01	0	0	-1.564110e+01	1.774368e+00	
6.565000e+01	0	0	-1.791353e+01	1.185004e+01	
6.570000e+01	0	0	1.450680e+00	-1.226053e+01	
6.575000e+01	0	0	1.485600e+01	-3.413514e+00	
6.580000e+01	0	0	5.791695e+00	2.386935e+00	
6.585000e+01	0	0	1.062543e+00	-7.045358e+00	
6.590000e+01	0	0	-1.159988e+01	-5.730404e+00	
6.595000e+01	0	0	5.112639e+00	3.843572e+00	
66	0	0	6.035345e+00	5.730577e+00	
6.605000e+01	0	0	8.496499e+00	3.275536e+01	
6.610000e+01	0	0	1.555689e+01	1.402187e+01	
6.615000e+01	0	0	-1.154370e+01	1.372964e+01	
6.620000e+01	0	0	-6.407336e+00	5.262132e+00	
6.625000e+01	0	0	1.286856e+00	1.609706e+01	
6.630000e+01	0	0	1.085413e+01	-1.602123e+01	
6.635000e+01	0	0	-1.448781e+01	6.946368e+00	
6.640000e+01	0	0	9.735962e+00	5.248135e+00	
6.645000e+01	0	0	-2.142301e+01	-7.688004e+00	
6.650000e+01	0	0	-5.250320e+00	7.655272e+00	
6.655000e+01	0	0	-5.577348e+00	1.141183e+01	
6.660000e+01	0	0	1.386252e+01	-6.218431e+00	
6.665000e+01	0	0	-1.415868e+01	2.204035e+01	
6.670000e+01	0	0	6.864090e+00	2.366733e+00	
6.675000e+01	0	0	1.414352e+01	-6.159547e+00	
6.680000e+01	0	0	-6.946821e+00	3.392549e+00	
6.685000e+01	0	0	1.435098e+01	-1.640081e+01	
6.690000e+01	0	0	2.185339e+01	-7.443157e+00	
6.695000e+01	0	0	-1.091471e+00	-4.247528e+00	
67	0	0	-2.153425e+00	6.535066e+00	
6.705000e+01	0	0	-2.335023e+01	-1.013755e+01	
6.710000e+01	0	0	-3.861705e+00	1.208981e+00	
6.715000e+01	0	0	-7.088729e+00	-1.882783e+01	
6.720000e+01	0	0	1.490418e+01	1.505634e+01	
6.725000e+01	0	0	-6.389555e+00	1.349457e+01	
6.730000e+01	0	0	-1.505589e+01	7.628390e+00	
6.735000e+01	0	0	1.660378e+01	-1.286991e+01	
6.740000e+01	0	0	-3.940799e+00	1.649304e+01	
6.745000e+01	0	0	1.248749e+00	-6.086066e-01	
6.750000e+01	0	0	1.985494e+01	-1.488019e+01	
6.755000e+01	0	0	-1.546406e+01	4.531179e+00	
6.760000e+01	0	0	-6.411201e+00	1.567993e+01	
6.765000e+01	0	0	-1.116227e+01	-6.061314e+00	
6.770000e+01	0	0	1.311255e+01	1.217562e+01	
6.775000e+01	0	0	-2.155585e+01	6.471154e+00	
6.780000e+01	0	0	-2.997476e-01	-2.190077e+01	
6.785000e+01	0	0	5.083316e+00	-1.399773e+00	
6.790000e+01	0	0	5.053593e+00	1.224382e+01	
6.795000e+01	0	0	-5.461350e+00	-5.615618e+00	
68	0	0	-7.933580e+00	1.294625e+01	
6.805000e+01	0	0	4.198690e-02	-1.947741e+01	
6.810000e+01	0	0	-1.288550e+01	2.468217e+01	
6.815000e+01	0	0	-4.455108e+00	1.546140e+00	
6.820000e+01	0	0	2.951069e+00	2.300049e+00	
6.825000e+01	0	0	-3.958066e+01	8.597063e+00	
6.830000e+01	0	0	1.048511e+01	-1.657264e+00	
6.835000e+01	0	0	5.917545e+00	-7.974132e+00	
6.840000e+01	0	0	-4.342934e+00	7.900625e+00	
6.845000e+01	0	0	-2.795371e+01	1.487779e+01	
6.850000e+01	0	0	-4.056973e+00	-1.106533e+01	
6.855000e+01	0	0	-2.415209e+01	8.207847e+00	
6.860000e+01	0	0	-1.317962e+01	7.559971e+00	
6.865000e+01	0	0	-3.241923e+00	-1.455533e+00	
6.870000e+01	0	0	1.796348e+01	9.318916e+00	
6.875000e+01	0	0	2.041837e+00	-1.298562e+00	
6.880000e+01	0	0	-3.304530e+00	1.108194e+01	
6.885000e+01	0	0	5.460589e-02	-1.309680e+01	
6.890000e+01	0	0	-5.711525e+00	-2.581128e+01	
6.895000e+01	0	0	-1.458059e+01	1.397621e+00	
69	0	0	4.713366e-01	-4.544291e+00	
6.905000e+01	0	0	-3.742157e+00	-1.180944e+01	
6.910000e+01	0	0	3.960031e+00	-4.711130e+00	
6.915000e+01	0	0	-4.106620e+00	1.659312e+01	
6.920000e+01	0	0	-1.473312e+01	1.133214e+01	
6.925000e+01	0	0	-2.279238e+01	1.763087e+01	
6.930000e+01	0	0	-1.459976e+01	-1.126374e+01	
6.935000e+01	0	0	3.245811e-01	1.606724e+01	
6.940000e+01	0	0	-1.524950e+01	-1.672961e+01	
6.945000e+01	0	0	-2.219059e+00	6.105087e-01	
6.950000e+01	0	0	1.950077e+01	-7.968626e+00	
6.955000e+01	0	0	1.241274e+01	7.520956e+00	
6.960000e+01	0	0	1.720470e+01	-9.316524e+00	
6.965000e+01	0	0	1.856672e+01	1.498235e+01	
6.970000e+01	0	0	-1.467686e+01	6.084042e+00	
6.975000e+01	0	0	-1.079501e+01	2.106734e+01	
6.980000e+01	0	0	1.263256e+01	1.858693e+01	
6.985000e+01	0	0	-2.599554e+01	-2.683452e+01	
6.990000e+01	0	0	6.496217e+00	-8.440289e+00	
6.995000e+01	0	0	9.903591e+00	-8.576032e+00	
70	0	0	-6.148978e+00	-9.101096e+00	
7.005000e+01	0	0	-5.649765e+00	1.393836e+01	
7.010000e+01	0	0	-1.529014e+01	6.785117e+00	
7.015000e+01	0	0	4.772635e+00	2.069464e+00	
7.020000e+01	0	0	-9.828646e+00	2.794686e+00	
7.025000e+01	0	0	1.113355e+01	1.418993e+00	
7.030000e+01	0	0	-9.368541e+00	-7.869355e+00	
7.035000e+01	0	0	-9.636384e-01	1.743494e+00	
7.040000e+01	0	0	1.751885e+01	-1.181113e+01	
7.045000e+01	0	0	-3.018456e-01	1.490052e+00	
7.050000e+01	0	0	1.285980e-01	-1.151021e+01	
7.055000e+01	0	0	6.261884e+00	-2.228100e+00	
7.060000e+01	0	0	-1.798314e+01	-8.915016e+00	
7.065000e+01	0	0	1.201590e+01	1.230092e+01	
7.070000e+01	0	0	1.972845e+01	-1.341066e+01	
7.075000e+01	0	0	1.102464e+01	-6.117419e+00	
7.080000e+01	0	0	6.600506e+00	1.363682e+01	
7.085000e+01	0	0	5.924605e+00	8.863849e+00	
7.090000e+01	0	0	2.691303e+01	-1.364907e+01	
7.095000e+01	0	0	1.734469e+01	-4.747405e+00	
71	0	0	-1.009754e+01	7.414337e-01	
7.105000e+01	0	0	9.906686e+00	-4.713311e+00	
7.110000e+01	0	0	1.218011e+01	2.030857e+00	
7.115000e+01	0	0	-7.786985e-01	-3.642438e+00	
7.120000e+01	0	0	2.561085e+01	-5.256856e+00	
7.125000e+01	0	0	8.550426e-01	2.164460e+00	
7.130000e+01	0	0	1.076187e+01	7.964839e+00	
7.135000e+01	0	0	5.886213e+00	9.920633e+00	
7.140000e+01	0	0	2.335589e+01	8.908628e+00	
7.145000e+01	0	0	9.176633e+00	-6.962960e+00	
7.150000e+01	0	0	5.439707e+00	3.963153e+00	
7.155000e+01	0	0	-6.639480e+00	-1.219650e+01	
7.160000e+01	0	0	2.004817e+01	-1.334849e+00	
7.165000e+01	0	0	-1.395653e+01	-1.783196e+01	
7.170000e+01	0	0	-2.900107e+00	1.421273e+01	
7.175000e+01	0	0	1.043527e+01	6.109615e-01	
7.180000e+01	0	0	7.444273e+00	2.054146e+01	
7.185000e+01	0	0	4.512507e-01	9.381079e+00	
7.190000e+01	0	0	2.225002e+01	-4.661303e+00	
7.195000e+01	0	0	-1.745465e+01	3.496837e+00	
72	0	0	1.220069e+01	2.818880e+00	
7.205000e+01	0	0	3.209425e+00	7.101034e+00	
7.210000e+01	0	0	-6.584949e+00	7.761397e+00	
7.215000e+01	0	0	-1.496439e+01	1.567518e+00	
7.220000e+01	0	0	2.435827e+01	-4.855561e+00	
7.225000e+01	0	0	-8.114055e+00	1.838477e+01	
7.230000e+01	0	0	-1.100945e+01	5.484492e+00	
7.235000e+01	0	0	1.384224e+00	8.540656e+00	
7.240000e+01	0	0	-3.194368e+00	1.259385e+01	
7.245000e+01	0	0	1.189149e+00	5.105632e+00	
7.250000e+01	0	0	1.161381e+01	1.183266e+01	
7.255000e+01	0	0	-8.354864e+00	-1.116931e+01	
7.260000e+01	0	0	-2.387852e+01	9.293047e-01	
7.265000e+01	0	0	-4.403536e+00	-4.011163e-01	
7.270000e+01	0	0	4.705517e+00	-1.101405e+00	
7.275000e+01	0	0	-1.157276e+01	1.319989e+01	
7.280000e+01	0	0	-1.662196e+01	-2.867973e-02	
7.285000e+01	0	0	6.946860e-01	-1.284824e+01	
7.290000e+01	0	0	-3.770167e+00	3.673294e+00	
7.295000e+01	0	0	6.738002e+00	7.573244e+00	
73	0	0	2.400976e+00	4.859350e+00	
7.305000e+01	0	0	8.411451e+00	-1.225160e+00	
7.310000e+01	0	0	3.330911e+00	-6.297212e+00	
7.315000e+01	0	0	-2.182524e+01	2.262854e+00	
7.320000e+01	0	0	-2.235011e+00	-1.166563e+01	
7.325000e+01	0	0	-8.231931e+00	1.377569e+01	
7.330000e+01	0	0	1.464879e+01	-5.721622e+00	
7.335000e+01	0	0	-4.401992e+00	1.832296e+00	
7.340000e+01	0	0	-1.381953e+01	9.059907e+00	
7.345000e+01	0	0	-8.837417e+00	-1.544990e+01	
7.350000e+01	0	0	-5.424766e+00	4.031855e+00	
7.355000e+01	0	0	-3.018727e+00	4.838186e+00	
7.360000e+01	0	0	-2.804693e+01	1.191055e+01	
7.365000e+01	0	0	7.397389e+00	1.922695e+01	
7.370000e+01	0	0	1.483754e+00	1.883322e+01	
7.375000e+01	0	0	1.497409e+01	2.699920e+01	
7.380000e+01	0	0	7.008790e-01	-1.362762e+01	
7.385000e+01	0	0	-6.174280e+00	-8.412984e+00	
7.390000e+01	0	0	-1.857611e+01	4.509432e+00	
7.395000e+01	0	0	2.239351e+01	-1.684357e+01	
74	0	0	1.386721e+01	-1.392508e+01	
7.405000e+01	0	0	-2.574310e+00	1.246708e+01	
7.410000e+01	0	0	-6.665864e+00	-2.693758e+00	
7.415000e+01	0	0	-7.604400e+00	4.728673e+00	
7.420000e+01	0	0	-1.391705e+00	-1.617377e+00	
7.425000e+01	0	0	-2.951924e+01	-1.335482e+01	
7.430000e+01	0	0	1.059885e+01	-1.262118e+01	
7.435000e+01	0	0	-1.487190e+01	1.023300e+01	
7.440000e+01	0	0	1.914695e+01	1.762391e+01	
7.445000e+01	0	0	1.947676e+01	-9.433036e+00	
7.450000e+01	0	0	-1.382494e+01	-4.896747e+00	
7.455000e+01	0	0	-1.058380e+01	6.381495e+00	
7.460000e+01	0	0	-2.935872e+00	-4.623163e+00	
7.465000e+01	0	0	1.148635e+01	2.367652e-01	
7.470000e+01	0	0	3.472273e+00	-3.295021e+01	
7.475000e+01	0	0	1.618442e+01	-1.990582e+01	
7.480000e+01	0	0	3.465052e+00	7.180049e+00	
7.485000e+01	0	0	-8.531280e+00	9.267415e+00	
7.490000e+01	0	0	5.411206e+00	1.318387e+01	
7.495000e+01	0	0	-6.593133e-01	-9.963642e+00	
75	0	0	4.553284e+00	-4.808747e+00	
7.505000e+01	0	0	-1.034282e+01	7.144320e+00	
7.510000e+01	0	0	-1.483573e+01	1.658432e+01	
7.515000e+01	0	0	-2.107138e+01	1.264601e+01	
7.520000e+01	0	0	3.979031e+00	-1.804944e+01	
7.525000e+01	0	0	5.364805e+00	9.666556e-01	
7.530000e+01	0	0	-1.964684e+00	-1.054189e+01	
7.535000e+01	0	0	8.746044e+00	4.553838e+00	
7.540000e+01	0	0	-1.132899e+01	4.681996e+00	
7.545000e+01	0	0	-2.436369e+01	-1.645429e+00	
7.550000e+01	0	0	-1.056411e+01	-4.569706e+00	
7.555000e+01	0	0	-1.271872e+01	-7.010875e+00	
7.560000e+01	0	0	4.880193e+00	8.973314e+00	
7.565000e+01	0	0	1.608068e+01	1.104485e+01	
7.570000e+01	0	0	-1.486064e+01	-9.760406e+00	
7.575000e+01	0	0	4.008950e+00	2.651493e+01	
7.580000e+01	0	0	-1.871895e+01	1.270875e+00	
7.585000e+01	0	0	3.505142e+00	1.190036e+01	
7.590000e+01	0	0	1.544602e+00	2.025323e+01	
7.595000e+01	0	0	-4.018273e+00	1.713410e+01	
76	0	0	5.134739e+00	-5.724353e+00	
7.605000e+01	0	0	-1.540810e+00	1.388884e+00	
7.610000e+01	0	0	1.610924e+00	9.272376e+00	
7.615000e+01	0	0	-1.277606e+00	-1.476982e+01	
7.620000e+01	0	0	-6.710004e+00	-7.911772e+00	
7.625000e+01	0	0	3.633547e+00	-4.914811e+00	
7.630000e+01	0	0	-1.383584e+00	-1.167139e+01	
7.635000e+01	0	0	-1.370876e+01	6.911444e+00	
7.640000e+01	0	0	-6.635753e+00	-2.219753e+01	
7.645000e+01	0	0	-2.909662e+00	3.683951e+00	
7.650000e+01	0	0	-1.198862e+01	1.520274e+01	
7.655000e+01	0	0	4.312009e+00	5.109488e+00	
7.660000e+01	0	0	-1.170876e+01	3.117572e-01	
7.665000e+01	0	0	-1.857267e+01	-2.335036e+00	
7.670000e+01	0	0	8.635856e+00	2.967277e+00	
7.675000e+01	0	0	1.045844e+01	7.839424e+00	
7.680000e+01	0	0	-3.061398e+00	2.686571e+00	
7.685000e+01	0	0	2.457459e+01	4.915569e+00	
7.690000e+01	0	0	3.550168e+00	-1.833905e+01	
7.695000e+01	0	0	-3.214861e+00	1.043958e+01	
77	0	0	3.698351e+00	2.312996e+00	
7.705000e+01	0	0	7.446365e+00	-1.700113e+01	
7.710000e+01	0	0	6.994585e-01	4.759225e+00	
7.715000e+01	0	0	-1.753122e+01	-1.010973e+01	
7.720000e+01	0	0	-1.979439e+01	3.199452e+00	
7.725000e+01	0	0	-1.047233e+01	-1.052799e+01	
7.730000e+01	0	0	1.136023e+01	1.080087e+01	
7.735000e+01	0	0	4.689510e+00	4.222340e+00	
7.740000e+01	0	0	8.982949e+00	1.457300e+01	
7.745000e+01	0	0	6.096304e+00	2.052788e+01	
7.750000e+01	0	0	1.147181e+01	1.112885e+01	
7.755000e+01	0	0	6.136252e+00	1.441911e+00	
7.760000e+01	0	0	-1.503346e+01	6.583446e+00	
7.765000e+01	0	0	-7.471173e+00	2.518169e+00	
7.770000e+01	0	0	-3.658810e+00	-4.303006e+00	
7.775000e+01	0	0	-4.957699e+00	-1.927119e+01	
7.780000e+01	0	0	3.196287e+01	-1.540714e+01	
7.785000e+01	0	0	-3.152712e+01	-1.568779e+01	
7.790000e+01	0	0	8.350288e+00	-6.691692e+00	
7.795000e+01	0	0	5.264242e-02	-1.647658e+01	
78	0	0	6.509781e-01	7.004929e+00	
7.805000e+01	0	0	-8.676907e-01	2.768759e+00	
7.810000e+01	0	0	8.155324e+00	-2.002358e+01	
7.815000e+01	0	0	-1.014689e+00	-2.327317e+01	
7.820000e+01	0	0	6.456741e+00	-4.349722e+00	
7.825000e+01	0	0	-1.979725e+00	7.820221e+00	
7.830000e+01	0	0	-2.210724e+01	-5.389472e+00	
7.835000e+01	0	0	-4.694527e+00	-1.745665e+01	
7.840000e+01	0	0	1.155338e+00	-1.737963e+01	
7.845000e+01	0	0	9.862926e+00	1.092839e+01	
7.850000e+01	0	0	-1.636250e+01	4.590217e-01	
7.855000e+01	0	0	-1.045999e+01	4.875935e+00	
7.860000e+01	0	0	1.966331e+01	-8.226342e+00	
7.865000e+01	0	0	-1.469076e+00	-2.360858e+00	
7.870000e+01	0	0	-1.274714e+00	1.444457e+01	
7.875000e+01	0	0	-3.010133e+00	-3.805695e+00	
7.880000e+01	0	0	2.244687e+00	-7.874991e-01	
7.885000e+01	0	0	-1.301553e+00	-1.593339e+01	
7.890000e+01	0	0	-1.258663e+01	-4.478507e+00	
7.895000e+01	0	0	1.404426e+01	1.781509e+01	
79	0	0	4.553370e+00	-1.042605e+01	
7.905000e+01	0	0	-3.146433e+00	6.993779e+00	
7.910000e+01	0	0	-5.570538e+00	-3.615935e+00	
7.915000e+01	0	0	-1.858174e+00	6.311786e+00	
7.920000e+01	0	0	-9.613489e+00	1.547234e+01	
7.925000e+01	0	0	-9.467630e+00	3.026042e+00	
7.930000e+01	0	0	1.748461e+01	-5.483805e+00	
7.935000e+01	0	0	9.724769e+00	-1.598518e+01	
7.940000e+01	0	0	-1.365010e+01	-9.284093e-01	
7.945000e+01	0	0	2.146730e+01	6.299890e+00	
7.950000e+01	0	0	7.231450e+00	4.086570e+00	
7.955000e+01	0	0	4.806030e+00	8.107709e-02	
7.960000e+01	0	0	-1.512225e+01	-5.207997e+00	
7.965000e+01	0	0	1.290901e+01	2.351918e+00	
7.970000e+01	0	0	1.125729e+00	1.605764e+00	
7.975000e+01	0	0	-1.913522e+01	5.350388e+00	
7.980000e+01	0	0	1.066820e+01	-1.011677e+01	
7.985000e+01	0	0	1.605412e+01	2.578085e+00	
7.990000e+01	0	0	2.388396e+00	2.073855e+01	
7.995000e+01	0	0	-1.298170e+01	-8.633252e+00	
80	0	0	4.051710e+00	1.860319e+01	
8.005000e+01	0	0	-6.919024e+00	-4.795051e-01	
8.010000e+01	0	0	-9.265163e+00	-1.707256e+01	
8.015000e+01	0	0	3.597198e+00	1.604861e+01	
8.020000e+01	0	0	-8.446289e+00	1.412240e+01	
8.025000e+01	0	0	-9.405060e+00	-7.524639e+00	
8.030000e+01	0	0	7.259717e+00	-3.966839e+00	
8.035000e+01	0	0	1.339637e+00	1.270086e+01	
8.040000e+01	0	0	-6.441213e+00	-2.361874e+00	
8.045000e+01	0	0	1.131213e+01	2.115336e+00	
8.050000e+01	0	0	-1.650412e+01	-1.172901e+01	
8.055000e+01	0	0	-9.294715e+00	2.455091e-01	
8.060000e+01	0	0	-2.597529e+01	1.212514e+01	
8.065000e+01	0	0	-5.702289e+00	1.318460e+01	
8.070000e+01	0	0	9.885423e+00	-8.540122e-01	
8.075000e+01	0	0	-1.395300e+01	-4.006980e-01	
8.080000e+01	0	0	3.459385e+00	-9.073825e-01	
8.085000e+01	0	0	-7.029020e+00	-1.199196e+00	
8.090000e+01	0	0	1.020168e+01	-6.970986e+00	
8.095000e+01	0	0	5.880053e-01	2.095340e+01	
81	0	0	-1.424863e+01	-1.738323e+00	
8.105000e+01	0	0	9.538246e+00	-4.913736e+00	
8.110000e+01	0	0	6.671512e+00	-2.899508e+00	
8.115000e+01	0	0	-8.514691e+00	-1.226073e+01	
8.120000e+01	0	0	5.397035e+00	-4.572548e+00	
8.125000e+01	0	0	4.783241e+00	4.056026e-01	
8.130000e+01	0	0	4.662002e+00	-1.289386e+01	
8.135000e+01	0	0	3.475330e+00	7.715036e-01	
8.140000e+01	0	0	-2.479800e+01	8.810372e+00	
8.145000e+01	0	0	-2.418291e+00	-1.212628e+01	
8.150000e+01	0	0	1.367527e+01	-2.135887e-01	
8.155000e+01	0	0	6.717616e+00	-6.334131e+00	
8.160000e+01	0	0	1.547155e+01	7.130417e+00	
8.165000e+01	0	0	2.395151e+01	1.166683e+01	
8.170000e+01	0	0	1.842432e+00	1.204362e+01	
8.175000e+01	0	0	-1.651296e+00	-3.488469e+00	
8.180000e+01	0	0	1.782311e+01	-2.355652e+00	
8.185000e+01	0	0	3.663553e+00	1.688606e+00	
8.190000e+01	0	0	-8.057263e+00	1.502005e+00	
8.195000e+01	0	0	-9.901278e-01	1.532054e+01	
82	0	0	1.111356e+00	-4.611613e+00	
8.205000e+01	0	0	-1.095549e+01	9.204162e+00	
8.210000e+01	0	0	-1.174154e+00	-4.510139e+00	
8.215000e+01	0	0	-1.192121e+01	-2.037545e+01	
8.220000e+01	0	0	2.393845e+00	-1.503782e+01	
8.225000e+01	0	0	1.186633e+01	-1.877083e+01	
8.230000e+01	0	0	4.765158e+00	-1.069547e+01	
8.235000e+01	0	0	-9.710552e+00	1.398258e+01	
8.240000e+01	0	0	7.651695e+00	-1.994508e+00	
8.245000e+01	0	0	7.196346e+00	-9.378731e+00	
8.250000e+01	0	0	-1.130375e+01	-4.957104e+00	
8.255000e+01	0	0	6.615905e+00	-1.947040e+01	
8.260000e+01	0	0	-2.451782e+01	8.534969e+00	
8.265000e+01	0	0	1.225410e+01	-1.562353e+00	
8.270000e+01	0	0	5.390299e+00	-1.980254e+01	
8.275000e+01	0	0	-1.857453e+01	9.202133e+00	
8.280000e+01	0	0	-8.999692e+00	2.047998e+01	
8.285000e+01	0	0	-1.414769e+01	-9.179784e+00	
8.290000e+01	0	0	-6.116668e+00	7.943544e+00	
8.295000e+01	0	0	2.159739e+01	8.291225e+00	
83	0	0	1.149165e+01	5.756579e+00	
8.305000e+01	0	0	1.479196e+01	-1.840426e+00	
8.310000e+01	0	0	1.983526e+01	1.102386e+01	
8.315000e+01	0	0	2.897352e+00	-8.596351e+00	
8.320000e+01	0	0	3.918910e+00	6.514357e-01	
8.325000e+01	0	0	-8.283558e-02	-5.016988e+00	
8.330000e+01	0	0	3.235675e+01	1.175668e+00	
8.335000e+01	0	0	4.899625e+00	3.763930e+00	
8.340000e+01	0	0	-6.618158e+00	-3.764768e+00	
8.345000e+01	0	0	-1.355317e+01	-1.464340e+01	
8.350000e+01	0	0	6.753939e+00	6.316806e+00	
8.355000e+01	0	0	5.849647e-01	-5.793742e+00	
8.360000e+01	0	0	9.518105e-01	8.503510e-01	
8.365000e+01	0	0	1.834690e+01	4.723869e+00	
8.370000e+01	0	0	4.331225e+00	1.727287e+00	
8.375000e+01	0	0	2.133566e+01	3.139849e+01	
8.380000e+01	0	0	-6.699079e-01	-2.264141e+01	
8.385000e+01	0	0	-1.421703e+01	2.861378e-01	
8.390000e+01	0	0	-8.637605e+00	2.918391e+00	
8.395000e+01	0	0	4.232699e+00	1.138207e+01	
84	0	0	2.030547e+01	-4.614758e+00	
8.405000e+01	0	0	1.694024e+01	2.705771e+00	
8.410000e+01	0	0	1.652789e+00	6.878118e+00	
8.415000e+01	0	0	-9.894529e+00	-2.224239e+01	
8.420000e+01	0	0	-7.835121e+00	6.864576e+00	
8.425000e+01	0	0	1.170485e+01	-4.608841e+00	
8.430000e+01	0	0	-9.616825e+00	1.092230e+01	
8.435000e+01	0	0	-1.722250e+00	7.137167e+00	
8.440000e+01	0	0	-5.845855e+00	-1.098528e+00	
8.445000e+01	0	0	-2.834158e+00	-8.576621e+00	
8.450000e+01	0	0	1.065844e+01	-1.366077e+01	
8.455000e+01	0	0	-1.579698e+01	-1.167857e+01	
8.460000e+01	0	0	-1.557546e+01	-5.736259e+00	
8.465000e+01	0	0	2.349020e+01	-5.522538e+00	
8.470000e+01	0	0	1.110149e+01	-6.795238e+00	
8.475000e+01	0	0	1.575715e+01	-1.458236e+00	
8.480000e+01	0	0	-9.946497e+00	1.605429e+01	
8.485000e+01	0	0	-1.077909e+01	2.191197e+00	
8.490000e+01	0	0	9.559922e+00	1.553320e-01	
8.495000e+01	0	0	2.275285e+00	-8.497770e+00	
85	0	0	3.728479e+00	2.600020e+00	
8.505000e+01	0	0	1.516670e+01	-6.715745e+00	
8.510000e+01	0	0	2.174022e-01	-3.317231e+01	
8.515000e+01	0	0	1.694801e+01	-2.116560e+00	
8.520000e+01	0	0	8.031378e+00	9.517166e+00	
8.525000e+01	0	0	6.190553e+00	1.194860e+01	
8.530000e+01	0	0	5.906125e+00	2.374952e+00	
8.535000e+01	0	0	-8.141874e+00	-3.481323e+00	
8.540000e+01	0	0	1.869161e+01	-1.650435e+01	
8.545000e+01	0	0	1.156589e+01	1.180625e+00	
8.550000e+01	0	0	7.675010e+00	-8.204137e+00	
8.555000e+01	0	0	-8.766699e+00	-1.215828e+01	
8.560000e+01	0	0	-1.960219e+01	6.112226e-01	
8.565000e+01	0	0	-4.164373e+00	-6.283988e+00	
8.570000e+01	0	0	5.202095e+00	9.305079e+00	
8.575000e+01	0	0	-4.457157e+00	1.237860e+01	
8.580000e+01	0	0	-1.096528e+01	-1.329700e+01	
8.585000e+01	0	0	1.261504e+01	-1.303370e+00	
8.590000e+01	0	0	2.794723e+01	-1.792947e+01	
8.595000e+01	0	0	1.825570e+01	-2.584153e-01	
86	0	0	-1.650097e-01	-4.160928e+00	
8.605000e+01	0	0	1.322922e+01	1.384132e+01	
8.610000e+01	0	0	1.853344e+00	1.755404e+01	
8.615000e+01	0	0	1.655013e+01	8.034657e+00	
8.620000e+01	0	0	-8.224752e+00	-6.065918e-01	
8.625000e+01	0	0	6.313658e+00	-2.273856e+00	
8.630000e+01	0	0	1.166496e+01	1.337496e+01	
8.635000e+01	0	0	4.566016e+00	2.935447e+00	
8.640000e+01	0	0	-1.518365e+01	3.825878e+00	
8.645000e+01	0	0	1.632399e+01	-8.450479e+00	
8.650000e+01	0	0	-2.955542e+00	1.179666e+01	
8.655000e+01	0	0	-7.250710e+00	7.511433e+00	
8.660000e+01	0	0	-9.429436e-01	6.819704e+00	
8.665000e+01	0	0	-6.033234e+00	1.408042e+01	
8.670000e+01	0	0	2.961435e+00	9.861736e-01	
8.675000e+01	0	0	1.580762e+01	-1.428530e+01	
8.680000e+01	0	0	1.353381e+01	-9.182872e-01	
8.685000e+01	0	0	9.940338e+00	2.306161e+00	
8.690000e+01	0	0	6.283361e-01	1.588172e+01	
8.695000e+01	0	0	3.018025e-01	-5.491477e-01	
87	0	0	1.215759e+00	-1.131310e+01	
8.705000e+01	0	0	2.418420e+01	7.018416e+00	
8.710000e+01	0	0	1.859401e+01	1.712871e+01	
8.715000e+01	0	0	-1.947297e+01	7.193839e+00	
8.720000e+01	0	0	-6.166261e+00	-1.576725e+01	
8.725000e+01	0	0	-2.556334e+00	8.994270e+00	
8.730000e+01	0	0	1.161397e+01	8.359093e+00	
8.735000e+01	0	0	6.239798e+00	-1.682547e+01	
8.740000e+01	0	0	-3.988225e+00	1.186812e+00	
8.745000e+01	0	0	-4.962414e+00	9.091105e+00	
8.750000e+01	0	0	-9.263184e+00	-5.398673e+00	
8.755000e+01	0	0	-1.368061e+00	8.253551e+00	
8.760000e+01	0	0	1.955073e+01	9.599844e+00	
8.765000e+01	0	0	1.737088e+01	9.951323e+00	
8.770000e+01	0	0	1.916772e+00	1.772083e+01	
8.775000e+01	0	0	9.994764e+00	-2.328407e+01	
8.780000e+01	0	0	1.067035e+01	-2.344606e+01	
8.785000e+01	0	0	-9.924121e+00	-2.306837e+00	
8.790000e+01	0	0	-1.036767e+01	-6.005142e+00	
8.795000e+01	0	0	-1.328812e+01	6.171575e-01	
88	0	0	9.155939e+00	-1.579814e+01	
8.805000e+01	0	0	-3.928351e+00	2.512182e+01	
8.810000e+01	0	0	7.023589e+00	1.276171e-01	
8.815000e+01	0	0	2.095713e+01	-1.027988e+01	
8.820000e+01	0	0	1.384200e+01	4.577399e+00	
8.825000e+01	0	0	-5.241140e+00	-1.478689e+01	
8.830000e+01	0	0	-1.811071e+01	6.303474e+00	
8.835000e+01	0	0	1.034951e+01	-3.579114e+00	
8.840000e+01	0	0	4.825962e+00	-1.105082e+01	
8.845000e+01	0	0	1.532831e+00	-2.281978e+00	
8.850000e+01	0	0	1.225245e+01	-2.788499e+00	
8.855000e+01	0	0	3.120457e+00	7.259187e+00	
8.860000e+01	0	0	1.314548e+01	-2.417683e+00	
8.865000e+01	0	0	1.030306e+01	1.838609e-01	
8.870000e+01	0	0	-9.482747e+00	1.353513e+01	
8.875000e+01	0	0	-1.460595e+01	-2.659631e+00	
8.880000e+01	0	0	-1.498855e+01	-4.796281e+00	
8.885000e+01	0	0	1.516691e+01	3.628911e-02	
8.890000e+01	0	0	-7.178619e-01	1.740371e+01	
8.895000e+01	0	0	4.770294e+00	2.040189e+01	
89	0	0	-6.323583e+00	-2.303220e+00	
8.905000e+01	0	0	9.219563e+00	5.476956e+00	
8.910000e+01	0	0	5.097788e+00	1.412283e+01	
8.915000e+01	0	0	3.286354e+00	-6.197954e+00	
8.920000e+01	0	0	5.438977e+00	5.438858e+00	
8.925000e+01	0	0	-7.560215e+00	-7.716720e+00	
8.930000e+01	0	0	1.499066e+01	-2.735193e+00	
8.935000e+01	0	0	-2.892440e+00	-1.536963e+01	
8.940000e+01	0	0	2.027730e+01	-3.240395e+00	
8.945000e+01	0	0	8.043934e+00	-5.824493e+00	
8.950000e+01	0	0	-1.101551e+00	-2.730725e+00	
8.955000e+01	0	0	9.021022e+00	5.613941e+00	
8.960000e+01	0	0	-3.217807e+00	-7.216496e+00	
8.965000e+01	0	0	-5.003730e+00	-1.591288e+01	
8.970000e+01	0	0	1.593218e+01	-2.279382e+01	
8.975000e+01	0	0	-5.187293e+00	-1.077486e+01	
8.980000e+01	0	0	8.240150e+00	1.595922e+01	
8.985000e+01	0	0	1.401865e+01	1.745737e+01	
8.990000e+01	0	0	-1.351716e+01	-6.080037e+00	
8.995000e+01	0	0	-6.039738e+00	-3.807032e+00	
90	0	0	1.955366e+01	-4.949703e-01	
9.005000e+01	0	0	3.000924e-01	9.739451e+00	
9.010000e+01	0	0	-2.063900e+00	1.715072e+00	
9.015000e+01	0	0	-4.093127e+00	-8.549637e-02	
9.020000e+01	0	0	6.085630e+00	1.118673e+01	
9.025000e+01	0	0	-1.427692e+01	-2.080002e-01	
9.030000e+01	0	0	-8.265439e+00	-2.064466e+01	
9.035000e+01	0	0	3.217371e+01	1.774082e+00	
9.040000e+01	0	0	1.523765e+01	-1.245769e-01	
9.045000e+01	0	0	-2.285130e+00	2.162690e+01	
9.050000e+01	0	0	-7.104287e+00	-1.672545e+01	
9.055000e+01	0	0	-3.323918e+00	1.765536e+01	
9.060000e+01	0	0	2.730587e+00	9.312237e+00	
9.065000e+01	0	0	2.310320e+00	1.295433e+01	
9.070000e+01	0	0	-6.327278e+00	2.892710e+00	
9.075000e+01	0	0	-5.107414e+00	-1.273488e+01	
9.080000e+01	0	0	-1.445976e+01	-6.185533e+00	
9.085000e+01	0	0	-1.489929e+00	2.623549e+01	
9.090000e+01	0	0	1.540923e+01	-4.860199e+00	
9.095000e+01	0	0	-8.358829e+00	1.315259e+01	
91	0	0	-2.797866e+00	-2.113546e-01	
9.105000e+01	0	0	-9.817618e+00	-1.606374e+01	
9.110000e+01	0	0	8.398886e+00	1.764173e+00	
9.115000e+01	0	0	1.689385e+00	2.894970e+00	
9.120000e+01	0	0	1.252085e+01	5.251600e+00	
9.125000e+01	0	0	-1.562440e+01	7.568926e+00	
9.130000e+01	0	0	1.164584e+01	1.418313e+01	
9.135000e+01	0	0	-5.250276e+00	-5.814050e-02	
9.140000e+01	0	0	9.606663e+00	-1.184683e+01	
9.145000e+01	0	0	-3.404629e+00	2.293840e+01	
9.150000e+01	0	0	1.315237e+01	6.983495e+00	
9.155000e+01	0	0	-1.528180e+00	6.563946e+00	
9.160000e+01	0	0	7.170281e+00	3.485580e-01	
9.165000e+01	0	0	-7.494948e+00	1.338739e+01	
9.170000e+01	0	0	1.278712e+01	-8.839236e+00	
9.175000e+01	0	0	3.264035e+00	-1.539915e+01	
9.180000e+01	0	0	7.827489e+00	6.188808e+00	
9.185000e+01	0	0	-1.439827e+01	-1.156767e+01	
9.190000e+01	0	0	-2.947892e+00	3.772314e+00	
9.195000e+01	0	0	1.639431e+00	-7.737470e-01	
92	0	0	1.082073e+00	-3.914022e-01	
9.205000e+01	0	0	2.522220e+01	-2.107285e+00	
9.210000e+01	0	0	2.259772e+00	2.204616e+00	
9.215000e+01	0	0	4.448044e-02	6.794917e+00	
9.220000e+01	0	0	-1.178952e+01	-2.044524e+01	
9.225000e+01	0	0	-4.205687e+00	-5.456429e-01	
9.230000e+01	0	0	1.473527e+01	-1.753378e+01	
9.235000e+01	0	0	6.715713e-01	-1.547725e+01	
9.240000e+01	0	0	3.212194e+00	-4.931705e+00	
9.245000e+01	0	0	4.347304e+00	-4.219301e+00	
9.250000e+01	0	0	5.625475e+00	2.777199e+01	
9.255000e+01	0	0	2.584992e+01	4.845294e+00	
9.260000e+01	0	0	1.167117e+01	2.774274e+00	
9.265000e+01	0	0	4.153033e+00	-7.411847e+00	
9.270000e+01	0	0	4.397351e+00	3.612545e+00	
9.275000e+01	0	0	4.008864e+00	3.408444e+00	
9.280000e+01	0	0	7.381863e+00	-6.108311e+00	
9.285000e+01	0	0	1.055879e+01	-1.907942e+01	
9.290000e+01	0	0	5.072204e+00	1.149402e+00	
9.295000e+01	0	0	-9.292131e+00	-1.154519e+01	
93	0	0	2.146853e+01	-8.927422e+00	
9.305000e+01	0	0	1.055252e+01	-1.740089e+01	
9.310000e+01	0	0	2.763599e+00	-1.337875e+01	
9.315000e+01	0	0	-2.048685e+01	-5.286685e-01	
9.320000e+01	0	0	5.867630e+00	8.772082e-01	
9.325000e+01	0	0	4.017765e+00	1.299614e+01	
9.330000e+01	0	0	6.008423e+00	-7.742188e+00	
9.335000e+01	0	0	-1.959551e+01	-2.094078e+01	
9.340000e+01	0	0	-5.161256e+00	2.208985e+00	
9.345000e+01	0	0	7.388930e+00	5.773764e+00	
9.350000e+01	0	0	8.146579e+00	-3.926788e+00	
9.355000e+01	0	0	1.873513e+01	-9.189746e-01	
9.360000e+01	0	0	-1.301468e+00	1.940091e+01	
9.365000e+01	0	0	-7.995680e+00	-5.743250e+00	
9.370000e+01	0	0	-1.932219e-01	-1.992678e+01	
9.375000e+01	0	0	-1.635579e+01	1.728197e+01	
9.380000e+01	0	0	6.913604e+00	-1.078429e+01	
9.385000e+01	0	0	-8.592501e+00	-1.192214e+01	
9.390000e+01	0	0	6.555963e+00	-3.589802e+00	
9.395000e+01	0	0	-9.003509e+00	-1.966951e+01	
94	0	0	-3.398931e+00	-4.042060e+00	
9.405000e+01	0	0	7.947111e+00	1.040409e+01	
9.410000e+01	0	0	3.056914e+00	1.391304e+01	
9.415000e+01	0	0	-1.710382e-01	-5.259953e+00	
9.420000e+01	0	0	3.325171e+00	9.604909e+00	
9.425000e+01	0	0	-1.471616e+01	-4.530013e-01	
9.430000e+01	0	0	-1.363180e+01	-4.975708e+00	
9.435000e+01	0	0	-4.742736e+00	1.466620e+01	
9.440000e+01	0	0	5.992129e-01	-6.827919e+00	
9.445000e+01	0	0	-6.743159e+00	-2.214693e+01	
9.450000e+01	0	0	-1.564480e+01	-4.176323e+00	
9.455000e+01	0	0	9.883049e+00	-1.955958e+00	
9.460000e+01	0	0	-1.549148e+01	-3.959479e-01	
9.465000e+01	0	0	-1.007509e+01	-1.155820e+01	
9.470000e+01	0	0	-5.666504e+00	-5.484273e-01	
9.475000e+01	0	0	1.021722e+01	-1.876967e+00	
9.480000e+01	0	0	-1.957065e+01	2.220900e+01	
9.485000e+01	0	0	-1.750462e+01	2.993356e+00	
9.490000e+01	0	0	-1.452480e+01	-1.652811e-01	
9.495000e+01	0	0	-4.852581e+00	-8.860299e+00	
95	0	0	1.015338e+01	1.152214e+01	
9.505000e+01	0	0	-2.334909e+01	-6.719330e+00	
9.510000e+01	0	0	9.851245e+00	4.544803e+00	
9.515000e+01	0	0	-8.133618e+00	1.578336e+01	
9.520000e+01	0	0	4.030528e+00	-7.817478e+00	
9.525000e+01	0	0	-2.087382e+01	-5.319863e+00	
9.530000e+01	0	0	-9.638316e+00	-1.656536e+01	
9.535000e+01	0	0	5.349721e-02	-1.215170e+01	
9.540000e+01	0	0	-6.421147e+00	4.525609e+00	
9.545000e+01	0	0	1.739903e+01	-3.013904e+00	
9.550000e+01	0	0	-3.127644e+01	-1.126330e+01	
9.555000e+01	0	0	4.807483e+00	2.826350e+00	
9.560000e+01	0	0	-5.919685e+00	1.057259e+01	
9.565000e+01	0	0	6.712235e+00	2.339560e+01	
9.570000e+01	0	0	8.778505e+00	4.446351e+00	
9.575000e+01	0	0	-1.590662e+01	1.243368e+01	
9.580000e+01	0	0	-5.275101e+00	-1.198169e+00	
9.585000e+01	0	0	-4.587656e+00	-1.182494e+01	
9.590000e+01	0	0	6.426510e+00	1.783956e+00	
9.595000e+01	0	0	-1.182077e+01	2.848542e+01	
96	0	0	2.105646e+01	-4.269289e+00	
9.605000e+01	0	0	1.803075e-01	1.349655e+00	
9.610000e+01	0	0	3.474104e+00	-5.233109e+00	
9.615000e+01	0	0	1.140967e+00	-2.764422e+01	
9.620000e+01	0	0	-2.741492e+00	-3.896035e+00	
9.625000e+01	0	0	-4.864257e+00	-6.290343e+00	
9.630000e+01	0	0	-8.568467e+00	2.878291e+00	
9.635000e+01	0	0	-7.898657e+00	-2.272253e+00	
9.640000e+01	0	0	2.037257e+00	1.110688e+01	
9.645000e+01	0	0	1.297215e+01	-2.057687e+00	
9.650000e+01	0	0	-2.272823e+01	-1.844904e+00	
9.655000e+01	0	0	-1.516376e+00	-2.348379e+01	
9.660000e+01	0	0	-2.785746e+00	-2.889047e-02	
9.665000e+01	0	0	-1.525431e+01	-5.799633e-01	
9.670000e+01	0	0	-1.449040e+01	1.609062e+01	
9.675000e+01	0	0	-9.620085e-01	-1.245436e+01	
9.680000e+01	0	0	-3.427527e+00	1.361672e+00	
9.685000e+01	0	0	-4.512877e+00	1.049987e+01	
9.690000e+01	0	0	5.416478e+00	-5.532886e+00	
9.695000e+01	0	0	3.254793e+00	-6.679196e+00	
97	0	0	-2.549320e+00	1.843216e+01	
9.705000e+01	0	0	-7.661248e+00	-6.554611e+00	
9.710000e+01	0	0	-9.870052e+00	-1.937848e+01	
9.715000e+01	0	0	-1.866745e+00	1.861765e+01	
9.720000e+01	0	0	-4.648352e+00	5.464863e+00	
9.725000e+01	0	0	-4.927792e+00	-3.483009e+00	
9.730000e+01	0	0	-3.438528e+00	-1.872345e+00	
9.735000e+01	0	0	-1.118428e+01	-2.146032e-01	
9.740000e+01	0	0	-9.523682e+00	-4.877453e+00	
9.745000e+01	0	0	-1.050543e+01	6.346112e+00	
9.750000e+01	0	0	8.172933e-01	1.179232e+01	
9.755000e+01	0	0	1.358283e+01	7.010900e-02	
9.760000e+01	0	0	1.968984e+01	-3.472984e+00	
9.765000e+01	0	0	6.742781e+00	3.936237e+00	
9.770000e+01	0	0	-2.161129e+01	-5.676093e+00	
9.775000e+01	0	0	-1.446078e+01	1.034280e+00	
9.780000e+01	0	0	3.845787e+00	-1.566306e+01	
9.785000e+01	0	0	-7.892402e+00	4.597733e+00	
9.790000e+01	0	0	8.167166e+00	8.915141e+00	
9.795000e+01	0	0	2.816730e+00	1.483074e+01	
98	0	0	9.618053e+00	1.755581e+01	
9.805000e+01	0	0	2.353984e+00	7.844013e+00	
9.810000e+01	0	0	1.607645e+01	1.771461e+01	
9.815000e+01	0	0	-1.225615e+01	9.201447e+00	
9.820000e+01	0	0	1.489149e+01	6.811283e+00	
9.825000e+01	0	0	-4.013998e+00	-1.487496e+00	
9.830000e+01	0	0	1.685420e+01	1.038880e+00	
9.835000e+01	0	0	-1.533135e+01	-8.076528e+00	
9.840000e+01	0	0	8.090816e+00	-1.511847e+01	
9.845000e+01	0	0	-1.074906e+01	2.271265e+00	
9.850000e+01	0	0	-1.432110e+01	1.333031e+01	
9.855000e+01	0	0	-7.003760e+00	-4.259676e+00	
9.860000e+01	0	0	-7.738176e+00	1.838039e+01	
9.865000e+01	0	0	-4.464494e+00	-1.211793e+00	
9.870000e+01	0	0	8.546401e+00	-2.248828e+00	
9.875000e+01	0	0	-2.191493e+00	1.504786e+01	
9.880000e+01	0	0	9.562551e+00	2.447091e+00	
9.885000e+01	0	0	1.277475e+01	7.975051e+00	
9.890000e+01	0	0	-6.331841e+00	-4.131324e+00	
9.895000e+01	0	0	1.140649e+01	1.423716e+00	
99	0	0	-1.578020e+01	8.062862e+00	
9.905000e+01	0	0	-1.436057e+01	1.317128e+01	
9.910000e+01	0	0	-2.996209e+01	-3.263776e+00	
9.915000e+01	0	0	-2.853056e+00	-1.125380e+01	
9.920000e+01	0	0	1.544165e+01	2.090615e+01	
9.925000e+01	0	0	7.961695e+00	1.442057e+01	
9.930000e+01	0	0	-3.300763e-01	7.761322e+00	
9.935000e+01	0	0	-4.936763e+00	1.452738e+01	
9.940000e+01	0	0	8.699264e+00	-3.628362e+00	
9.945000e+01	0	0	-7.171476e+00	-1.241729e+01	
9.950000e+01	0	0	-6.802300e+00	4.191062e+00	
9.955000e+01	0	0	1.998313e+01	7.412723e+00	
9.960000e+01	0	0	-1.247739e+01	-1.560598e+01	
9.965000e+01	0	0	1.419581e+01	1.602164e+00	
9.970000e+01	0	0	-6.784526e+00	-9.272262e-01	
9.975000e+01	0	0	-1.877938e+01	-5.176452e+00	
9.980000e+01	0	0	1.647485e+01	1.307893e+01	
9.985000e+01	0	0	1.636174e+01	-6.178499e+00	
9.990000e+01	0	0	-3.281627e+01	-8.046685e+00	
9.995000e+01	0	0	1.838589e+01	-1.114269e+01	
