Time (s)	Fret_1	Idl_1	Donor_1	Acceptor_1
0	7.686891e-01	0	1.203286e+02	3.998743e+02	
5.000000e-02	7.855284e-01	0	1.108746e+02	4.060917e+02	
1.000000e-01	7.733347e-01	0	1.049494e+02	3.580656e+02	
1.500000e-01	7.838140e-01	0	1.112363e+02	4.033034e+02	
2.000000e-01	8.152046e-01	0	8.803422e+01	3.883532e+02	
2.500000e-01	7.966668e-01	0	1.015085e+02	3.977142e+02	
3.000000e-01	7.739421e-01	0	1.198442e+02	4.103040e+02	
3.500000e-01	7.654870e-01	0	1.166385e+02	3.807261e+02	
4.000000e-01	8.336363e-01	0	7.821491e+01	3.919291e+02	
4.500000e-01	6.371146e-01	0	1.962884e+02	3.446217e+02	
5.000000e-01	4.599729e-01	0	2.818633e+02	2.400796e+02	
5.500000e-01	4.569548e-01	0	2.688555e+02	2.262331e+02	
6.000000e-01	6.477876e-01	0	1.840966e+02	3.385897e+02	
6.500000e-01	7.915258e-01	0	1.065783e+02	4.046519e+02	
7.000000e-01	8.183717e-01	0	8.428152e+01	3.797515e+02	
7.500000e-01	8.224635e-01	0	8.978529e+01	4.159433e+02	
8.000000e-01	7.910267e-01	0	1.111512e+02	4.207408e+02	
8.500000e-01	7.833132e-01	0	1.137294e+02	4.111268e+02	
9.000000e-01	8.487985e-01	0	7.204781e+01	4.044540e+02	
9.500000e-01	8.022983e-01	0	1.003540e+02	4.072494e+02	
1	8.232721e-01	0	8.317512e+01	3.874643e+02	
1.050000e+00	7.453950e-01	0	1.342229e+02	3.929579e+02	
1.100000e+00	7.406192e-01	0	1.229409e+02	3.510376e+02	
1.150000e+00	8.091661e-01	0	9.068823e+01	3.845324e+02	
1.200000e+00	8.042314e-01	0	9.497946e+01	3.901824e+02	
1.250000e+00	7.421541e-01	0	1.255036e+02	3.612351e+02	
1.300000e+00	7.819383e-01	0	1.114888e+02	3.997830e+02	
1.350000e+00	7.518973e-01	0	1.137331e+02	3.446783e+02	
1.400000e+00	8.163826e-01	0	9.753075e+01	4.336322e+02	
1.450000e+00	7.661664e-01	0	1.142768e+02	3.744332e+02	
1.500000e+00	7.831697e-01	0	1.103164e+02	3.984521e+02	
1.550000e+00	8.000149e-01	0	1.010273e+02	4.041466e+02	
1.600000e+00	7.895842e-01	0	1.148823e+02	4.310955e+02	
1.650000e+00	8.110743e-01	0	8.760204e+01	3.760830e+02	
1.700000e+00	8.109629e-01	0	8.482179e+01	3.638826e+02	
1.750000e+00	8.137342e-01	0	9.317809e+01	4.070645e+02	
1.800000e+00	7.907469e-01	0	1.059767e+02	4.004758e+02	
1.850000e+00	8.318117e-01	0	9.145348e+01	4.523031e+02	
1.900000e+00	7.902074e-01	0	1.121878e+02	4.225680e+02	
1.950000e+00	8.156641e-01	0	9.197547e+01	4.069804e+02	
2	7.866448e-01	0	1.085215e+02	4.001206e+02	
2.050000e+00	8.227784e-01	0	8.611164e+01	3.997866e+02	
2.100000e+00	7.128032e-01	0	1.566936e+02	3.889030e+02	
2.150000e+00	3.274721e-01	0	3.295282e+02	1.604562e+02	
2.200000e+00	2.921892e-01	0	3.339408e+02	1.378531e+02	
2.250000e+00	4.233883e-01	0	2.936608e+02	2.156261e+02	
2.300000e+00	4.452454e-01	0	2.999278e+02	2.407217e+02	
2.350000e+00	4.662916e-01	0	2.660943e+02	2.324819e+02	
2.400000e+00	3.882234e-01	0	2.805484e+02	1.780314e+02	
2.450000e+00	4.614529e-01	0	2.473921e+02	2.119774e+02	
2.500000e+00	3.583931e-01	0	3.300966e+02	1.843876e+02	
2.550000e+00	2.488878e-01	0	3.621310e+02	1.199954e+02	
2.600000e+00	2.422373e-01	0	3.749012e+02	1.198463e+02	
2.650000e+00	1.731656e-01	0	4.038195e+02	8.457273e+01	
2.700000e+00	2.398628e-01	0	3.752274e+02	1.184037e+02	
2.750000e+00	2.100712e-01	0	3.876291e+02	1.030848e+02	
2.800000e+00	2.431613e-01	0	3.679768e+02	1.182256e+02	
2.850000e+00	2.129164e-01	0	4.163707e+02	1.126337e+02	
2.900000e+00	1.888992e-01	0	3.986968e+02	9.285343e+01	
2.950000e+00	2.194532e-01	0	4.119847e+02	1.158308e+02	
3	1.823636e-01	0	3.954189e+02	8.819324e+01	
3.050000e+00	2.055583e-01	0	3.839147e+02	9.933622e+01	
3.100000e+00	2.113038e-01	0	4.281125e+02	1.146979e+02	
3.150000e+00	6.073042e-01	0	2.070609e+02	3.202197e+02	
3.200000e+00	8.122117e-01	0	8.963454e+01	3.876823e+02	
3.250000e+00	8.002346e-01	0	9.449712e+01	3.785433e+02	
3.300000e+00	8.024898e-01	0	9.264425e+01	3.764164e+02	
3.350000e+00	7.867296e-01	0	1.093215e+02	4.032744e+02	
3.400000e+00	7.686097e-01	0	1.186873e+02	3.942439e+02	
3.450000e+00	8.138521e-01	0	9.071011e+01	3.965911e+02	
3.500000e+00	8.399047e-01	0	8.324606e+01	4.367322e+02	
3.550000e+00	7.953243e-01	0	1.032246e+02	4.011078e+02	
3.600000e+00	7.828290e-01	0	1.142077e+02	4.116808e+02	
3.650000e+00	7.535890e-01	0	1.220047e+02	3.731220e+02	
3.700000e+00	7.282342e-01	0	1.387098e+02	3.716921e+02	
3.750000e+00	4.494082e-01	0	2.951177e+02	2.408832e+02	
3.800000e+00	4.610289e-01	0	2.517197e+02	2.153178e+02	
3.850000e+00	5.001457e-01	0	2.453735e+02	2.455165e+02	
3.900000e+00	3.967372e-01	0	3.045561e+02	2.002921e+02	
3.950000e+00	4.590151e-01	0	2.647619e+02	2.246453e+02	
4	5.789523e-01	0	1.999396e+02	2.749225e+02	
4.050000e+00	7.980831e-01	0	9.679983e+01	3.826044e+02	
4.100000e+00	7.925870e-01	0	1.069701e+02	4.087649e+02	
4.150000e+00	8.027532e-01	0	1.017610e+02	4.141463e+02	
4.200000e+00	7.836074e-01	0	1.115628e+02	4.039946e+02	
4.250000e+00	8.470167e-01	0	7.855509e+01	4.349330e+02	
4.300000e+00	5.847614e-01	0	2.058537e+02	2.898943e+02	
4.350000e+00	4.611717e-01	0	2.588525e+02	2.215464e+02	
4.400000e+00	2.240968e-01	0	3.774167e+02	1.090057e+02	
4.450000e+00	1.983392e-01	0	3.781829e+02	9.356634e+01	
4.500000e+00	1.580074e-01	0	4.499670e+02	8.444032e+01	
4.550000e+00	1.893676e-01	0	3.540242e+02	8.270177e+01	
4.600000e+00	1.927704e-01	0	4.170189e+02	9.958617e+01	
4.650000e+00	2.077889e-01	0	3.977442e+02	1.043243e+02	
4.700000e+00	2.532393e-01	0	3.534685e+02	1.198672e+02	
4.750000e+00	1.956460e-01	0	3.945269e+02	9.596225e+01	
4.800000e+00	1.954191e-01	0	3.591839e+02	8.723969e+01	
4.850000e+00	2.108043e-01	0	4.464533e+02	1.192534e+02	
4.900000e+00	2.005873e-01	0	3.879109e+02	9.733398e+01	
4.950000e+00	1.996101e-01	0	3.746328e+02	9.343008e+01	
5	1.085337e-01	0	3.910782e+02	4.761275e+01	
5.050000e+00	1.848705e-01	0	4.418340e+02	1.002075e+02	
5.100000e+00	1.819002e-01	0	4.342690e+02	9.655742e+01	
5.150000e+00	4.745885e-01	0	2.739643e+02	2.474638e+02	
5.200000e+00	4.243437e-01	0	2.824753e+02	2.082260e+02	
5.250000e+00	5.034515e-01	0	2.549359e+02	2.584800e+02	
5.300000e+00	4.883774e-01	0	2.735823e+02	2.611522e+02	
5.350000e+00	4.239466e-01	0	2.911411e+02	2.142654e+02	
5.400000e+00	4.615956e-01	0	2.728789e+02	2.339500e+02	
5.450000e+00	4.128964e-01	0	3.004240e+02	2.112812e+02	
5.500000e+00	4.511481e-01	0	2.901039e+02	2.384611e+02	
5.550000e+00	4.519843e-01	0	2.535705e+02	2.091362e+02	
5.600000e+00	4.305881e-01	0	2.745354e+02	2.076031e+02	
5.650000e+00	4.184192e-01	0	2.997697e+02	2.156698e+02	
5.700000e+00	4.609948e-01	0	2.940903e+02	2.515265e+02	
5.750000e+00	4.825238e-01	0	2.480094e+02	2.312579e+02	
5.800000e+00	5.076326e-01	0	2.655679e+02	2.738016e+02	
5.850000e+00	3.036987e-01	0	3.351082e+02	1.461607e+02	
5.900000e+00	1.938603e-01	0	4.007302e+02	9.636749e+01	
5.950000e+00	1.984056e-01	0	3.814955e+02	9.442536e+01	
6	1.905841e-01	0	4.424639e+02	1.041820e+02	
6.050000e+00	1.899058e-01	0	3.820684e+02	8.956611e+01	
6.100000e+00	2.418858e-01	0	3.628067e+02	1.157580e+02	
6.150000e+00	1.959233e-01	0	4.266278e+02	1.039532e+02	
6.200000e+00	4.823611e-01	0	2.516805e+02	2.345281e+02	
6.250000e+00	6.091703e-01	0	1.888990e+02	2.944292e+02	
6.300000e+00	8.262060e-01	0	8.227221e+01	3.911171e+02	
6.350000e+00	6.356708e-01	0	1.946064e+02	3.395435e+02	
6.400000e+00	4.080843e-01	0	3.006973e+02	2.073096e+02	
6.450000e+00	4.129267e-01	0	2.639781e+02	1.856729e+02	
6.500000e+00	1.863070e-01	0	4.132924e+02	9.462935e+01	
6.550000e+00	1.962526e-01	0	4.049453e+02	9.887627e+01	
6.600000e+00	1.912202e-01	0	3.874832e+02	9.161288e+01	
6.650000e+00	2.306111e-01	0	3.240890e+02	9.714008e+01	
6.700000e+00	2.006592e-01	0	3.918824e+02	9.837455e+01	
6.750000e+00	1.677251e-01	0	3.939640e+02	7.939405e+01	
6.800000e+00	2.135799e-01	0	4.205826e+02	1.142239e+02	
6.850000e+00	2.070710e-01	0	4.089406e+02	1.067936e+02	
6.900000e+00	1.898394e-01	0	3.859585e+02	9.043901e+01	
6.950000e+00	2.151069e-01	0	3.629552e+02	9.947111e+01	
7	1.634088e-01	0	3.948037e+02	7.711581e+01	
7.050000e+00	2.108959e-01	0	3.750186e+02	1.002274e+02	
7.100000e+00	2.128628e-01	0	4.471335e+02	1.209168e+02	
7.150000e+00	2.157266e-01	0	3.827607e+02	1.052843e+02	
7.200000e+00	1.907707e-01	0	3.977097e+02	9.375754e+01	
7.250000e+00	2.367629e-01	0	3.698322e+02	1.147252e+02	
7.300000e+00	2.166840e-01	0	4.430750e+02	1.225651e+02	
7.350000e+00	2.214028e-01	0	4.019674e+02	1.143039e+02	
7.400000e+00	2.187576e-01	0	3.940383e+02	1.103356e+02	
7.450000e+00	1.776031e-01	0	4.028548e+02	8.699966e+01	
7.500000e+00	1.931542e-01	0	3.824986e+02	9.156795e+01	
7.550000e+00	3.036928e-01	0	3.685750e+02	1.607531e+02	
7.600000e+00	2.276422e-01	0	4.008902e+02	1.181571e+02	
7.650000e+00	1.983531e-01	0	4.182408e+02	1.034862e+02	
7.700000e+00	1.948303e-01	0	3.858441e+02	9.336435e+01	
7.750000e+00	2.150389e-01	0	4.115962e+02	1.127561e+02	
7.800000e+00	1.706678e-01	0	3.982469e+02	8.195502e+01	
7.850000e+00	1.561388e-01	0	4.927636e+02	9.117554e+01	
7.900000e+00	1.961403e-01	0	3.957318e+02	9.655785e+01	
7.950000e+00	1.944625e-01	0	4.208880e+02	1.016054e+02	
8	1.906852e-01	0	3.958709e+02	9.327235e+01	
8.050000e+00	2.064542e-01	0	4.178707e+02	1.087160e+02	
8.100000e+00	1.844554e-01	0	4.260620e+02	9.636438e+01	
8.150000e+00	2.088974e-01	0	3.890585e+02	1.027342e+02	
8.200000e+00	2.223751e-01	0	4.060197e+02	1.161083e+02	
8.250000e+00	2.127967e-01	0	4.039828e+02	1.092046e+02	
8.300000e+00	1.716623e-01	0	4.030139e+02	8.351941e+01	
8.350000e+00	2.060059e-01	0	3.882017e+02	1.007210e+02	
8.400000e+00	2.485801e-01	0	3.556536e+02	1.176551e+02	
8.450000e+00	1.946659e-01	0	3.991065e+02	9.647232e+01	
8.500000e+00	1.940750e-01	0	4.272589e+02	1.028883e+02	
8.550000e+00	2.959593e-01	0	3.432642e+02	1.442988e+02	
8.600000e+00	4.168174e-01	0	2.798595e+02	2.000237e+02	
8.650000e+00	6.329299e-01	0	2.006057e+02	3.458994e+02	
8.700000e+00	8.043324e-01	0	1.008680e+02	4.146388e+02	
8.750000e+00	4.904960e-01	0	2.625872e+02	2.527910e+02	
8.800000e+00	0	0	7.627288e+00	-6.621966e+00	
8.850000e+00	0	0	-1.394242e+01	-1.756043e-01	
8.900000e+00	0	0	-8.271770e+00	-7.502831e+00	
8.950000e+00	0	0	-5.408586e+00	-5.518891e-01	
9	0	0	7.628620e+00	3.696848e+00	
9.050000e+00	0	0	-2.460804e+01	9.705879e+00	
9.100000e+00	0	0	1.669983e+01	-2.589599e+01	
9.150000e+00	0	0	3.267266e+00	-1.857963e+01	
9.200000e+00	0	0	1.290847e+01	4.908303e+00	
9.250000e+00	0	0	-1.326044e+01	-4.462173e+00	
9.300000e+00	0	0	-2.438586e+00	1.661327e+01	
9.350000e+00	0	0	7.335976e+00	-3.355287e+00	
9.400000e+00	0	0	5.405215e+00	8.292787e+00	
9.450000e+00	0	0	-1.262831e+01	-1.548155e+01	
9.500000e+00	0	0	-1.565100e-01	-2.504555e+00	
9.550000e+00	0	0	-6.514755e+00	1.194097e+01	
9.600000e+00	0	0	-1.564007e+01	2.107984e+01	
9.650000e+00	0	0	6.801611e+00	9.663888e-01	
9.700000e+00	0	0	3.997300e+00	1.089149e+01	
9.750000e+00	0	0	-9.062551e-01	-1.016123e+01	
9.800000e+00	0	0	-1.779230e+01	-2.487556e+00	
9.850000e+00	0	0	1.503253e+01	9.719898e+00	
9.900000e+00	0	0	1.021702e+01	3.191710e+00	
9.950000e+00	0	0	7.887573e-01	-1.111777e+01	
10	0	0	5.112367e+00	1.842315e+01	
1.005000e+01	0	0	2.428208e+00	-1.160902e+01	
1.010000e+01	0	0	-6.089198e+00	2.310332e+00	
1.015000e+01	0	0	5.787009e+00	6.252878e-01	
1.020000e+01	0	0	2.336894e+01	-1.230395e+00	
1.025000e+01	0	0	2.891689e+00	-2.916878e+00	
1.030000e+01	0	0	-1.869174e+01	6.893919e+00	
1.035000e+01	0	0	-2.919783e+00	-6.495273e+00	
1.040000e+01	0	0	-1.610952e+01	-5.812159e-01	
1.045000e+01	0	0	6.201236e-02	-2.851800e+01	
1.050000e+01	0	0	-5.058195e+00	3.248036e+00	
1.055000e+01	0	0	7.033126e+00	1.855019e+00	
1.060000e+01	0	0	-4.952140e+00	-7.251689e+00	
1.065000e+01	0	0	8.828911e+00	-7.231580e+00	
1.070000e+01	0	0	2.886613e-01	4.939172e+00	
1.075000e+01	0	0	-4.779050e+00	2.212446e+01	
1.080000e+01	0	0	-2.308964e-01	2.378216e+00	
1.085000e+01	0	0	-1.249736e+01	-1.036965e+01	
1.090000e+01	0	0	-9.648543e+00	1.644266e+00	
1.095000e+01	0	0	1.282093e+01	-7.459232e+00	
11	0	0	1.379880e+01	-1.839779e+01	
1.105000e+01	0	0	1.399279e+01	-1.848892e+01	
1.110000e+01	0	0	-1.294826e+01	-4.370790e+00	
1.115000e+01	0	0	3.032060e+00	-6.273667e+00	
1.120000e+01	0	0	-4.171932e+00	2.914619e+01	
1.125000e+01	0	0	3.072481e+01	6.595111e+00	
1.130000e+01	0	0	-2.946465e+01	1.662973e+01	
1.135000e+01	0	0	-1.478931e+00	-7.316678e+00	
1.140000e+01	0	0	-4.035553e+00	-1.198534e+01	
1.145000e+01	0	0	1.361433e+01	-1.179141e+00	
1.150000e+01	0	0	1.836808e+00	1.597724e+00	
1.155000e+01	0	0	-4.040500e+00	1.601990e+01	
1.160000e+01	0	0	-1.671831e+01	-2.736480e+01	
1.165000e+01	0	0	-1.093596e+01	-4.651710e+00	
1.170000e+01	0	0	-8.339583e+00	-1.954500e+01	
1.175000e+01	0	0	1.286942e+01	4.469879e+00	
1.180000e+01	0	0	1.290286e+01	-1.432617e+01	
1.185000e+01	0	0	-1.299107e+01	-3.164439e+00	
1.190000e+01	0	0	6.357525e+00	9.514660e+00	
1.195000e+01	0	0	1.037627e+01	8.129178e+00	
12	0	0	1.297685e+00	1.866922e+01	
1.205000e+01	0	0	6.639125e+00	-1.440929e+00	
1.210000e+01	0	0	-2.558370e+00	4.520871e+00	
1.215000e+01	0	0	-1.296015e+01	-1.555054e+01	
1.220000e+01	0	0	-1.451055e+01	7.248379e+00	
1.225000e+01	0	0	2.571877e+01	-1.009233e+01	
1.230000e+01	0	0	8.284310e+00	1.325234e+01	
1.235000e+01	0	0	6.509704e-02	5.936640e+00	
1.240000e+01	0	0	-7.041297e+00	2.436224e+01	
1.245000e+01	0	0	3.939393e+00	-1.072590e+00	
1.250000e+01	0	0	-2.425396e+01	1.495143e+01	
1.255000e+01	0	0	4.047977e+00	1.155273e+01	
1.260000e+01	0	0	1.693218e+01	-1.399710e+01	
1.265000e+01	0	0	7.373544e+00	-1.310285e+01	
1.270000e+01	0	0	1.205464e+01	-1.179120e+01	
1.275000e+01	0	0	-1.541928e+01	1.370753e+01	
1.280000e+01	0	0	4.328407e+00	-7.587400e-01	
1.285000e+01	0	0	5.116673e+00	5.584810e+00	
1.290000e+01	0	0	-1.111321e-01	1.859879e+01	
1.295000e+01	0	0	-6.640537e+00	-3.531892e+00	
13	0	0	4.141247e+00	5.426623e-01	
1.305000e+01	0	0	1.760892e+01	5.073487e+00	
1.310000e+01	0	0	8.149531e+00	4.789088e+00	
1.315000e+01	0	0	9.713855e+00	-1.188606e+01	
1.320000e+01	0	0	-1.558664e+01	6.045317e+00	
1.325000e+01	0	0	-2.125411e+00	-2.182366e+01	
1.330000e+01	0	0	-1.091568e+01	-2.139473e+00	
1.335000e+01	0	0	1.013068e+01	8.798013e-01	
1.340000e+01	0	0	-2.072147e-01	-2.086906e+01	
1.345000e+01	0	0	-1.768703e-01	-1.641595e+00	
1.350000e+01	0	0	1.632841e+00	-8.640882e+00	
1.355000e+01	0	0	6.855589e+00	-1.025042e+01	
1.360000e+01	0	0	-2.691966e+01	2.176505e+01	
1.365000e+01	0	0	1.216027e+01	-2.199170e+01	
1.370000e+01	0	0	-4.778123e+00	-4.462758e+00	
1.375000e+01	0	0	-2.466976e+00	-2.183674e+01	
1.380000e+01	0	0	-2.431610e+00	1.993814e+00	
1.385000e+01	0	0	1.590956e+01	1.671618e+01	
1.390000e+01	0	0	2.496981e+00	-2.029634e+00	
1.395000e+01	0	0	-2.377422e+01	-1.528221e+01	
14	0	0	-3.677430e+00	3.169986e+01	
1.405000e+01	0	0	9.401799e+00	7.659939e+00	
1.410000e+01	0	0	4.297195e+00	-6.851084e+00	
1.415000e+01	0	0	2.063099e+00	1.371081e+01	
1.420000e+01	0	0	2.966214e+00	1.619775e+00	
1.425000e+01	0	0	-2.343509e+01	9.304811e+00	
1.430000e+01	0	0	9.900692e+00	1.992316e+01	
1.435000e+01	0	0	-1.605095e+01	-7.806886e+00	
1.440000e+01	0	0	-9.269057e+00	1.816671e+01	
1.445000e+01	0	0	-7.637701e+00	1.843466e+00	
1.450000e+01	0	0	-6.279917e+00	-1.338905e+00	
1.455000e+01	0	0	2.244910e+01	-1.082851e+01	
1.460000e+01	0	0	-7.695038e-01	-1.584335e+01	
1.465000e+01	0	0	-2.135104e+01	2.325278e+00	
1.470000e+01	0	0	6.835727e+00	-3.354046e+00	
1.475000e+01	0	0	-2.358646e+00	-4.977675e+00	
1.480000e+01	0	0	1.296035e+00	2.917430e-02	
1.485000e+01	0	0	-5.660916e+00	-3.405819e+00	
1.490000e+01	0	0	-1.519217e+01	1.942892e+01	
1.495000e+01	0	0	1.569441e+01	-9.155664e+00	
15	0	0	-1.188221e+01	2.998903e+00	
1.505000e+01	0	0	1.042873e+01	-3.880729e+00	
1.510000e+01	0	0	2.540171e+01	-2.394756e+01	
1.515000e+01	0	0	2.724359e+01	7.846316e+00	
1.520000e+01	0	0	-6.043851e+00	-3.073902e+00	
1.525000e+01	0	0	3.321916e+00	7.587950e+00	
1.530000e+01	0	0	3.041696e+01	-9.728969e+00	
1.535000e+01	0	0	-1.631965e+00	-1.341355e+01	
1.540000e+01	0	0	-2.707887e+00	-1.850838e+01	
1.545000e+01	0	0	1.105697e+01	-1.333880e+01	
1.550000e+01	0	0	1.076045e+01	-1.483725e+01	
1.555000e+01	0	0	1.371611e+01	2.552659e+00	
1.560000e+01	0	0	1.088832e+00	2.220784e+00	
1.565000e+01	0	0	6.454294e+00	1.412069e+01	
1.570000e+01	0	0	3.551516e+00	-1.148065e+01	
1.575000e+01	0	0	4.768413e+00	-2.304675e+00	
1.580000e+01	0	0	-6.252120e+00	-7.335447e-01	
1.585000e+01	0	0	1.446981e+01	1.678346e+01	
1.590000e+01	0	0	2.373881e+01	1.206514e+01	
1.595000e+01	0	0	1.808762e+01	8.226127e+00	
16	0	0	-1.130875e+01	-7.485422e+00	
1.605000e+01	0	0	-7.429482e+00	1.764765e+01	
1.610000e+01	0	0	-1.204093e+01	9.907376e+00	
1.615000e+01	0	0	1.234300e+01	5.639049e-01	
1.620000e+01	0	0	-9.756596e-01	-2.672581e+01	
1.625000e+01	0	0	1.621168e+01	3.375643e+00	
1.630000e+01	0	0	-2.537717e+01	-2.933777e+01	
1.635000e+01	0	0	1.681274e+01	1.761388e+01	
1.640000e+01	0	0	1.191500e+01	1.086050e+01	
1.645000e+01	0	0	-3.959298e+00	-5.245568e-01	
1.650000e+01	0	0	-1.648289e+00	1.668955e+01	
1.655000e+01	0	0	6.153515e+00	8.132311e-01	
1.660000e+01	0	0	4.979591e+00	1.244231e+01	
1.665000e+01	0	0	-4.400833e+00	-2.107829e+00	
1.670000e+01	0	0	-1.409818e+01	-1.535176e+01	
1.675000e+01	0	0	-6.638720e+00	-2.377092e+01	
1.680000e+01	0	0	-1.344198e+01	-1.203057e+01	
1.685000e+01	0	0	2.205330e+00	-1.148781e+01	
1.690000e+01	0	0	2.074836e+01	1.550768e+01	
1.695000e+01	0	0	8.212547e+00	-1.862951e+00	
17	0	0	-1.990388e+01	4.517618e+00	
1.705000e+01	0	0	3.366962e+00	4.430121e+00	
1.710000e+01	0	0	1.053081e+01	-2.944440e+00	
1.715000e+01	0	0	1.052272e+01	2.690846e+01	
1.720000e+01	0	0	-5.008723e+00	-7.054669e+00	
1.725000e+01	0	0	-3.558536e-01	9.649836e+00	
1.730000e+01	0	0	2.644128e+00	-9.643497e+00	
1.735000e+01	0	0	2.995891e+00	-2.390450e+01	
1.740000e+01	0	0	-1.081703e+01	-3.181991e+00	
1.745000e+01	0	0	2.757792e+01	2.352298e+01	
1.750000e+01	0	0	1.425899e-01	1.628077e+00	
1.755000e+01	0	0	2.300711e+01	2.365158e+00	
1.760000e+01	0	0	-1.939146e+01	-1.474479e+01	
1.765000e+01	0	0	4.375179e+00	-1.290523e+01	
1.770000e+01	0	0	1.033450e+01	-8.462481e+00	
1.775000e+01	0	0	-5.664371e+00	1.289890e+01	
1.780000e+01	0	0	-8.384507e+00	3.637885e+00	
1.785000e+01	0	0	8.377541e+00	8.070783e-01	
1.790000e+01	0	0	2.674868e+01	1.013910e+01	
1.795000e+01	0	0	9.867677e+00	4.903193e+00	
18	0	0	-1.213261e+01	-6.967941e+00	
1.805000e+01	0	0	6.791511e+00	-1.168109e+01	
1.810000e+01	0	0	4.753428e+00	1.487676e+01	
1.815000e+01	0	0	-9.590214e+00	-2.386171e+00	
1.820000e+01	0	0	3.968326e+00	-1.180576e+01	
1.825000e+01	0	0	6.191101e+00	2.462499e+00	
1.830000e+01	0	0	2.986048e+00	9.374229e+00	
1.835000e+01	0	0	-1.291664e+01	-1.215971e+01	
1.840000e+01	0	0	-1.188719e+00	6.842768e+00	
1.845000e+01	0	0	-1.343369e+00	2.102801e+00	
1.850000e+01	0	0	9.676134e-02	-2.273190e+01	
1.855000e+01	0	0	-1.199678e+00	1.831509e+01	
1.860000e+01	0	0	-1.465648e+00	1.836058e+01	
1.865000e+01	0	0	-7.627909e+00	-1.192078e+00	
1.870000e+01	0	0	1.455716e+01	-1.059718e+01	
1.875000e+01	0	0	1.292891e+01	7.551435e+00	
1.880000e+01	0	0	7.678317e+00	6.238342e-01	
1.885000e+01	0	0	4.209771e+00	-5.458383e-02	
1.890000e+01	0	0	1.904789e+01	-1.326707e+01	
1.895000e+01	0	0	-1.159159e+01	2.968298e+01	
19	0	0	9.165981e+00	-1.514976e+01	
1.905000e+01	0	0	6.426649e+00	-1.551378e+01	
1.910000e+01	0	0	-1.348532e+01	1.740358e+01	
1.915000e+01	0	0	-1.938484e+01	-2.549607e+01	
1.920000e+01	0	0	5.184866e+00	2.553375e+00	
1.925000e+01	0	0	8.638432e+00	1.564823e+00	
1.930000e+01	0	0	3.683381e+00	9.032207e+00	
1.935000e+01	0	0	1.151294e+01	-2.973312e+01	
1.940000e+01	0	0	-3.220879e+01	1.023184e+01	
1.945000e+01	0	0	1.514549e+00	1.870822e+00	
1.950000e+01	0	0	-1.706055e+01	-1.738524e+01	
1.955000e+01	0	0	1.128853e+01	-5.741332e+00	
1.960000e+01	0	0	2.444151e+01	-9.833673e+00	
1.965000e+01	0	0	3.636139e+01	1.329829e+01	
1.970000e+01	0	0	-6.542554e-01	2.160051e+01	
1.975000e+01	0	0	-9.973502e+00	-2.887874e+01	
1.980000e+01	0	0	-5.596344e+00	6.665258e+00	
1.985000e+01	0	0	2.440374e+00	2.402240e+01	
1.990000e+01	0	0	-4.177266e+00	2.407644e+00	
1.995000e+01	0	0	-4.808918e+00	-3.011904e+00	
20	0	0	-6.746105e+00	1.009977e+00	
2.005000e+01	0	0	1.116126e+00	-1.444004e+01	
2.010000e+01	0	0	-2.158443e+01	-2.077326e+01	
2.015000e+01	0	0	-6.762628e+00	-6.321869e-01	
2.020000e+01	0	0	4.411081e+00	-6.615777e+00	
2.025000e+01	0	0	-4.762353e-01	-5.801962e+00	
2.030000e+01	0	0	-4.343655e+00	-1.625381e+01	
2.035000e+01	0	0	-8.132397e-01	-6.255980e+00	
2.040000e+01	0	0	2.657620e+00	-7.582069e+00	
2.045000e+01	0	0	-1.469104e+00	4.376863e+00	
2.050000e+01	0	0	-1.185079e+00	3.350200e+00	
2.055000e+01	0	0	-8.288344e-01	-9.903130e+00	
2.060000e+01	0	0	-1.106796e+01	-3.998324e+00	
2.065000e+01	0	0	-1.440469e+01	-4.463801e+00	
2.070000e+01	0	0	4.439703e+00	-1.741865e+01	
2.075000e+01	0	0	-2.446803e+01	-4.733623e+00	
2.080000e+01	0	0	1.575626e+00	-1.238354e+00	
2.085000e+01	0	0	-5.821128e+00	4.930192e+00	
2.090000e+01	0	0	1.979136e+01	1.011832e+01	
2.095000e+01	0	0	-8.480223e+00	9.476434e-02	
21	0	0	3.550730e+00	1.997418e+00	
2.105000e+01	0	0	-2.377416e+01	-4.371203e-01	
2.110000e+01	0	0	-5.056763e+00	-2.516276e+01	
2.115000e+01	0	0	4.736277e+00	-8.853930e+00	
2.120000e+01	0	0	4.358555e+00	1.256499e+01	
2.125000e+01	0	0	-4.594181e+00	-1.421672e+01	
2.130000e+01	0	0	-1.312453e+01	1.722454e+01	
2.135000e+01	0	0	1.745756e+01	2.374439e+00	
2.140000e+01	0	0	1.423855e+01	3.517944e+01	
2.145000e+01	0	0	5.782612e+00	-8.193947e+00	
2.150000e+01	0	0	-8.116005e+00	2.636197e+01	
2.155000e+01	0	0	8.392371e+00	5.052540e+00	
2.160000e+01	0	0	-6.900832e+00	6.208133e+00	
2.165000e+01	0	0	-8.742000e+00	1.023560e+01	
2.170000e+01	0	0	2.018634e+00	1.938953e+01	
2.175000e+01	0	0	-1.054067e+01	-2.129552e+01	
2.180000e+01	0	0	-2.140956e+01	-2.265719e+01	
2.185000e+01	0	0	2.348418e+00	1.402771e+01	
2.190000e+01	0	0	-1.562606e+01	1.922581e+01	
2.195000e+01	0	0	-4.659675e+00	1.044637e+01	
22	0	0	1.235127e+01	-7.948163e+00	
2.205000e+01	0	0	1.383973e+01	2.327131e+00	
2.210000e+01	0	0	-2.006462e+01	1.515543e+01	
2.215000e+01	0	0	9.343356e+00	-2.762036e+01	
2.220000e+01	0	0	-2.071597e+00	1.017665e-01	
2.225000e+01	0	0	-1.356378e+01	-9.052675e+00	
2.230000e+01	0	0	-1.003476e+01	-1.033840e+01	
2.235000e+01	0	0	-2.561324e+00	6.359871e-01	
2.240000e+01	0	0	-5.097029e+00	-8.779572e+00	
2.245000e+01	0	0	-1.515564e+00	-1.180165e-01	
2.250000e+01	0	0	-2.027784e+01	4.711930e+00	
2.255000e+01	0	0	-4.305705e+00	1.131966e+01	
2.260000e+01	0	0	-7.061210e+00	-2.621546e+01	
2.265000e+01	0	0	-8.915163e+00	5.474304e+00	
2.270000e+01	0	0	-5.441583e+00	-2.987219e+00	
2.275000e+01	0	0	-7.895607e+00	-9.410587e+00	
2.280000e+01	0	0	1.589759e+01	-3.426448e+00	
2.285000e+01	0	0	-1.869665e+01	8.145135e+00	
2.290000e+01	0	0	1.921078e+01	6.619342e+00	
2.295000e+01	0	0	1.247152e+01	6.573830e+00	
23	0	0	6.569116e+00	-6.824585e+00	
2.305000e+01	0	0	2.683833e+00	1.430074e+00	
2.310000e+01	0	0	1.776620e+00	7.717976e+00	
2.315000e+01	0	0	-1.153509e+01	5.987276e+00	
2.320000e+01	0	0	-9.808039e+00	-7.739190e+00	
2.325000e+01	0	0	3.565987e-01	2.180402e+00	
2.330000e+01	0	0	9.467949e+00	2.671800e+01	
2.335000e+01	0	0	-1.356968e+01	3.581088e+00	
2.340000e+01	0	0	-7.414768e+00	5.114390e+00	
2.345000e+01	0	0	9.948047e+00	2.649111e+01	
2.350000e+01	0	0	-8.549562e+00	-1.044046e+01	
2.355000e+01	0	0	-8.837656e-01	2.619184e+01	
2.360000e+01	0	0	-1.008295e+01	1.074745e+01	
2.365000e+01	0	0	1.056517e+00	1.785837e+01	
2.370000e+01	0	0	-3.896505e+00	-7.866334e+00	
2.375000e+01	0	0	-1.516916e+00	7.372911e+00	
2.380000e+01	0	0	3.213551e+00	-1.156508e+01	
2.385000e+01	0	0	9.657310e+00	7.839192e+00	
2.390000e+01	0	0	-2.286190e+01	3.102137e+00	
2.395000e+01	0	0	1.116116e+01	8.421573e+00	
24	0	0	-6.812026e+00	-1.042718e+01	
2.405000e+01	0	0	-1.232471e+01	-2.661155e+00	
2.410000e+01	0	0	-2.751171e+01	3.057686e+00	
2.415000e+01	0	0	2.875789e+00	-7.768707e-02	
2.420000e+01	0	0	2.386711e+01	1.926656e+01	
2.425000e+01	0	0	-2.224363e+00	4.589097e+00	
2.430000e+01	0	0	3.522212e+00	-6.510767e-01	
2.435000e+01	0	0	1.514700e+01	1.753696e+01	
2.440000e+01	0	0	-2.488569e+00	-9.950144e+00	
2.445000e+01	0	0	1.392514e+01	1.388070e+01	
2.450000e+01	0	0	-1.966901e+01	-3.020666e+00	
2.455000e+01	0	0	-1.494576e+01	1.801785e+01	
2.460000e+01	0	0	1.435726e+01	-8.962156e+00	
2.465000e+01	0	0	3.695041e+00	-3.453767e+01	
2.470000e+01	0	0	-2.537076e+00	-9.346000e+00	
2.475000e+01	0	0	1.644596e+01	-1.706662e+01	
2.480000e+01	0	0	-2.320472e+00	-5.955492e+00	
2.485000e+01	0	0	1.419593e+01	2.283759e+01	
2.490000e+01	0	0	1.306291e+01	-3.562896e+00	
2.495000e+01	0	0	-1.450413e+01	-1.696101e+01	
25	0	0	-1.841986e+01	5.246516e+00	
2.505000e+01	0	0	8.957663e+00	1.800112e+00	
2.510000e+01	0	0	1.589303e+01	-8.348771e+00	
2.515000e+01	0	0	2.645401e+00	9.416389e+00	
2.520000e+01	0	0	-1.019174e+01	5.277996e+00	
2.525000e+01	0	0	1.428073e+01	7.119541e+00	
2.530000e+01	0	0	9.733231e+00	-5.515408e+00	
2.535000e+01	0	0	1.381130e+00	-3.596526e-01	
2.540000e+01	0	0	-1.192281e+01	1.344750e+00	
2.545000e+01	0	0	-9.529012e+00	-3.804103e+00	
2.550000e+01	0	0	-1.974489e+01	-1.053777e+01	
2.555000e+01	0	0	6.324665e+00	1.539544e+01	
2.560000e+01	0	0	5.868601e+00	1.640161e+01	
2.565000e+01	0	0	5.645692e+00	1.691517e+01	
2.570000e+01	0	0	-6.841439e-01	-8.287360e-01	
2.575000e+01	0	0	1.183274e+00	-9.916551e+00	
2.580000e+01	0	0	-1.051125e+01	2.351430e+00	
2.585000e+01	0	0	1.258077e+01	8.005131e+00	
2.590000e+01	0	0	1.666022e+01	4.340733e+00	
2.595000e+01	0	0	-8.756094e-01	-2.213552e+01	
26	0	0	-1.046115e+01	-2.594847e+01	
2.605000e+01	0	0	6.541635e+00	6.904858e+00	
2.610000e+01	0	0	7.190671e+00	-3.006653e+00	
2.615000e+01	0	0	-1.097325e+01	3.817650e+00	
2.620000e+01	0	0	6.067297e+00	-2.749446e+00	
2.625000e+01	0	0	-2.900054e+00	-5.714600e+00	
2.630000e+01	0	0	-1.103641e+01	1.765483e+01	
2.635000e+01	0	0	7.344646e-01	1.711754e+00	
2.640000e+01	0	0	-1.464418e+01	-2.769027e+00	
2.645000e+01	0	0	1.762079e+01	-6.859045e+00	
2.650000e+01	0	0	-1.205371e+01	-1.745886e+00	
2.655000e+01	0	0	-1.216104e+01	-9.847424e+00	
2.660000e+01	0	0	2.514541e+01	-1.129086e+01	
2.665000e+01	0	0	-1.006226e+01	-3.097085e+00	
2.670000e+01	0	0	2.262151e+00	3.779309e+00	
2.675000e+01	0	0	-1.966748e+00	2.383340e+01	
2.680000e+01	0	0	1.821404e+00	5.575962e+00	
2.685000e+01	0	0	1.262222e+01	-7.936595e+00	
2.690000e+01	0	0	4.754813e+00	-2.253863e+00	
2.695000e+01	0	0	1.315265e+01	3.479318e+00	
27	0	0	-5.475819e+00	-1.143583e+01	
2.705000e+01	0	0	1.965489e+01	-1.658909e+01	
2.710000e+01	0	0	2.080408e+00	5.745003e+00	
2.715000e+01	0	0	-1.416791e+01	-5.583590e-01	
2.720000e+01	0	0	1.313692e+01	-4.119348e+00	
2.725000e+01	0	0	-1.634730e+01	1.250356e+01	
2.730000e+01	0	0	-9.955828e+00	-2.866334e+00	
2.735000e+01	0	0	-3.636679e+00	-2.997108e+00	
2.740000e+01	0	0	-2.213373e+01	1.040867e+01	
2.745000e+01	0	0	-1.747732e+00	1.049841e+01	
2.750000e+01	0	0	-1.691636e+00	-5.081626e+00	
2.755000e+01	0	0	6.630447e-01	3.981269e+00	
2.760000e+01	0	0	1.918514e+01	-8.057671e+00	
2.765000e+01	0	0	-7.875175e+00	-1.639773e+01	
2.770000e+01	0	0	7.909395e-01	1.794728e+01	
2.775000e+01	0	0	1.055223e+01	-2.122838e+00	
2.780000e+01	0	0	1.336486e+00	1.978618e+00	
2.785000e+01	0	0	-1.760195e+01	-1.426087e+00	
2.790000e+01	0	0	8.542475e+00	6.776115e-01	
2.795000e+01	0	0	7.703732e+00	-2.729281e+00	
28	0	0	1.954815e+01	-1.446913e+01	
2.805000e+01	0	0	2.329287e+00	1.632724e+01	
2.810000e+01	0	0	1.568569e+01	2.388146e-01	
2.815000e+01	0	0	1.220202e+01	2.616820e+00	
2.820000e+01	0	0	-3.649490e+00	1.052656e+01	
2.825000e+01	0	0	2.845933e+00	2.536401e+01	
2.830000e+01	0	0	-6.782009e+00	1.199226e+01	
2.835000e+01	0	0	-1.178811e+01	3.523128e+00	
2.840000e+01	0	0	8.053996e+00	3.725432e+00	
2.845000e+01	0	0	-1.346064e+01	-1.615770e+00	
2.850000e+01	0	0	7.746140e+00	-4.871060e+00	
2.855000e+01	0	0	8.055769e+00	-9.394944e-01	
2.860000e+01	0	0	5.525018e+00	-4.614120e+00	
2.865000e+01	0	0	1.046598e+01	-5.521998e+00	
2.870000e+01	0	0	-2.095933e+01	1.063062e+01	
2.875000e+01	0	0	-9.345160e+00	-1.143792e+01	
2.880000e+01	0	0	-8.384386e+00	-1.828715e+01	
2.885000e+01	0	0	-1.929030e+01	-4.807658e+00	
2.890000e+01	0	0	-1.156013e+01	-7.882899e+00	
2.895000e+01	0	0	5.150057e+00	1.776946e+01	
29	0	0	1.254899e+01	6.902199e+00	
2.905000e+01	0	0	9.708069e+00	4.873348e+00	
2.910000e+01	0	0	-3.879604e+00	-2.175825e+01	
2.915000e+01	0	0	-9.346927e+00	1.730000e+01	
2.920000e+01	0	0	1.049261e+01	2.037600e+01	
2.925000e+01	0	0	-1.302328e+01	-1.541872e+01	
2.930000e+01	0	0	3.649331e+00	1.032680e+01	
2.935000e+01	0	0	1.624373e+01	-3.628298e+00	
2.940000e+01	0	0	-1.775185e-01	-5.908592e+00	
2.945000e+01	0	0	-5.487663e+00	8.339568e+00	
2.950000e+01	0	0	-1.977914e+01	1.745218e+00	
2.955000e+01	0	0	-1.997232e+01	2.746083e+00	
2.960000e+01	0	0	-4.588541e-01	1.830876e+01	
2.965000e+01	0	0	2.718544e+00	-9.052739e+00	
2.970000e+01	0	0	-3.578304e+00	9.098974e+00	
2.975000e+01	0	0	6.272520e+00	2.335576e+01	
2.980000e+01	0	0	-7.821712e+00	2.715352e+00	
2.985000e+01	0	0	7.444252e+00	7.068856e-01	
2.990000e+01	0	0	-2.606647e+01	5.542456e-01	
2.995000e+01	0	0	-6.940967e+00	9.423512e+00	
30	0	0	-2.943032e+00	9.976281e+00	
3.005000e+01	0	0	-1.813715e+00	4.030682e-02	
3.010000e+01	0	0	-8.472254e+00	-2.875226e+01	
3.015000e+01	0	0	1.412213e+01	-8.384566e+00	
3.020000e+01	0	0	2.114558e+01	1.818677e+01	
3.025000e+01	0	0	1.668324e+01	-3.619285e+00	
3.030000e+01	0	0	-5.686299e+00	-1.319337e+01	
3.035000e+01	0	0	-3.079152e+00	-5.423381e+00	
3.040000e+01	0	0	8.493969e+00	9.377311e+00	
3.045000e+01	0	0	2.613625e+01	-5.928923e+00	
3.050000e+01	0	0	1.979210e+00	-5.942792e+00	
3.055000e+01	0	0	-1.122350e+01	7.846277e+00	
3.060000e+01	0	0	9.769278e+00	1.688058e+01	
3.065000e+01	0	0	1.656835e+01	-1.983151e+01	
3.070000e+01	0	0	1.187939e+01	-6.983664e+00	
3.075000e+01	0	0	1.845290e+01	9.799932e+00	
3.080000e+01	0	0	-3.704140e+00	1.542632e+01	
3.085000e+01	0	0	2.835389e+00	4.715851e+00	
3.090000e+01	0	0	-1.341927e+01	5.038278e+00	
3.095000e+01	0	0	1.370154e+00	1.073752e+00	
31	0	0	4.851915e+00	-8.459413e+00	
3.105000e+01	0	0	1.510992e+01	4.311954e+00	
3.110000e+01	0	0	-1.755689e+01	2.947359e+00	
3.115000e+01	0	0	1.063905e+01	-9.262450e+00	
3.120000e+01	0	0	9.086115e-01	-6.789114e+00	
3.125000e+01	0	0	-4.858628e+00	-1.311217e+01	
3.130000e+01	0	0	-7.588507e+00	-2.388927e+01	
3.135000e+01	0	0	1.726727e+01	1.242246e+01	
3.140000e+01	0	0	-1.902187e+00	1.903520e+01	
3.145000e+01	0	0	-1.527415e+00	-1.405167e+01	
3.150000e+01	0	0	-1.614395e-02	-1.447580e+01	
3.155000e+01	0	0	-4.385065e-01	2.902764e+00	
3.160000e+01	0	0	6.459308e-01	-3.655734e+00	
3.165000e+01	0	0	5.623219e+00	2.446769e+00	
3.170000e+01	0	0	-1.022381e+01	1.677689e+01	
3.175000e+01	0	0	-1.967719e+00	-1.381075e+01	
3.180000e+01	0	0	2.921052e+01	-1.759072e+01	
3.185000e+01	0	0	-4.664629e+00	2.654355e+00	
3.190000e+01	0	0	8.824709e-01	4.651797e+00	
3.195000e+01	0	0	-2.443631e+00	-5.787539e+00	
32	0	0	1.051649e+01	-1.644052e-01	
3.205000e+01	0	0	-2.868547e-01	-4.127808e+00	
3.210000e+01	0	0	2.837930e+00	4.190861e+00	
3.215000e+01	0	0	-9.688127e+00	-3.634936e-01	
3.220000e+01	0	0	-1.221178e+01	1.022554e+01	
3.225000e+01	0	0	-2.412489e+00	-5.685941e+00	
3.230000e+01	0	0	-3.814906e+00	7.157969e+00	
3.235000e+01	0	0	-5.611225e+00	3.975090e+00	
3.240000e+01	0	0	-1.106260e+01	-6.458867e-01	
3.245000e+01	0	0	-9.115455e-01	-2.067518e+01	
3.250000e+01	0	0	1.420037e+01	-2.313923e+01	
3.255000e+01	0	0	4.007804e-01	-1.134697e+01	
3.260000e+01	0	0	2.688309e+01	2.894065e+00	
3.265000e+01	0	0	-2.637333e+01	-1.017369e+01	
3.270000e+01	0	0	-9.787542e+00	7.858093e+00	
3.275000e+01	0	0	4.905671e+00	1.360394e+01	
3.280000e+01	0	0	-1.126865e+01	-7.050526e+00	
3.285000e+01	0	0	5.149477e+00	-1.292854e-02	
3.290000e+01	0	0	1.150629e+01	1.121747e+01	
3.295000e+01	0	0	2.204406e+00	1.194802e+00	
33	0	0	9.793124e+00	2.254423e+01	
3.305000e+01	0	0	1.116095e+01	2.459527e+00	
3.310000e+01	0	0	8.730475e+00	6.698723e+00	
3.315000e+01	0	0	-1.307074e+01	1.996641e-01	
3.320000e+01	0	0	-2.640553e+00	1.643989e+01	
3.325000e+01	0	0	6.831631e+00	-1.329998e+00	
3.330000e+01	0	0	-1.470940e+01	-1.006130e+01	
3.335000e+01	0	0	-1.096468e+01	7.333708e+00	
3.340000e+01	0	0	5.514260e+00	1.729110e+01	
3.345000e+01	0	0	-2.784255e+00	-1.332941e+00	
3.350000e+01	0	0	-2.569532e+01	-5.352240e+00	
3.355000e+01	0	0	-1.818817e+01	1.034351e+01	
3.360000e+01	0	0	-5.461011e+00	-1.909189e+01	
3.365000e+01	0	0	2.786338e+00	5.131488e+00	
3.370000e+01	0	0	1.292568e+01	-1.261460e+01	
3.375000e+01	0	0	-1.297754e+01	2.200595e+00	
3.380000e+01	0	0	-1.356023e+01	1.456520e+01	
3.385000e+01	0	0	5.391782e+00	-1.665204e+01	
3.390000e+01	0	0	6.459623e+00	1.859243e+01	
3.395000e+01	0	0	1.533293e+00	-1.546290e+01	
34	0	0	-4.026031e+00	-1.480736e+01	
3.405000e+01	0	0	-1.978366e+01	-2.942090e+00	
3.410000e+01	0	0	3.933287e+00	-1.901621e+00	
3.415000e+01	0	0	-7.962034e+00	-1.587467e+01	
3.420000e+01	0	0	-1.099529e+01	-1.186107e+01	
3.425000e+01	0	0	-4.888199e+00	3.382949e+00	
3.430000e+01	0	0	1.876268e+01	-2.467448e+00	
3.435000e+01	0	0	3.082777e+00	9.912606e+00	
3.440000e+01	0	0	-1.582805e+01	-1.845556e+00	
3.445000e+01	0	0	2.929719e+00	3.309630e+00	
3.450000e+01	0	0	3.050051e+01	1.319786e+01	
3.455000e+01	0	0	4.670731e+00	1.121940e+00	
3.460000e+01	0	0	-1.708093e+01	-8.192910e+00	
3.465000e+01	0	0	2.834367e+00	-2.056150e+00	
3.470000e+01	0	0	1.096598e+01	-6.916140e+00	
3.475000e+01	0	0	-1.466935e+00	-2.425623e+01	
3.480000e+01	0	0	-5.272276e+00	-8.802612e+00	
3.485000e+01	0	0	-2.526322e+00	-1.198396e+01	
3.490000e+01	0	0	-1.303838e+01	9.861475e+00	
3.495000e+01	0	0	-6.524261e+00	1.403742e+01	
35	0	0	1.418077e+01	7.580917e+00	
3.505000e+01	0	0	5.005526e+00	3.822988e+00	
3.510000e+01	0	0	7.066363e+00	-1.878428e+01	
3.515000e+01	0	0	3.763857e+00	3.675133e+00	
3.520000e+01	0	0	-1.100932e+01	-4.754889e+00	
3.525000e+01	0	0	-1.039723e+00	-7.270103e+00	
3.530000e+01	0	0	-1.354636e+01	-2.491508e+00	
3.535000e+01	0	0	1.005241e+01	7.098144e+00	
3.540000e+01	0	0	1.164441e+00	5.166778e+00	
3.545000e+01	0	0	9.425194e+00	-1.969564e+00	
3.550000e+01	0	0	-1.162026e+01	1.792511e+01	
3.555000e+01	0	0	6.864161e+00	-2.761835e+00	
3.560000e+01	0	0	3.061557e+00	9.586770e+00	
3.565000e+01	0	0	-7.181546e+00	1.163216e+01	
3.570000e+01	0	0	5.014849e+00	-1.002718e+01	
3.575000e+01	0	0	-4.043991e+00	-8.485702e+00	
3.580000e+01	0	0	-1.730328e+01	1.162537e+01	
3.585000e+01	0	0	-2.130235e+00	-1.577828e+01	
3.590000e+01	0	0	1.145099e+01	-2.389320e+01	
3.595000e+01	0	0	-1.009112e+01	-2.075932e+01	
36	0	0	1.621114e+00	-8.041770e+00	
3.605000e+01	0	0	-2.310090e+01	2.156157e+00	
3.610000e+01	0	0	1.588111e+01	-1.200122e+01	
3.615000e+01	0	0	-8.440546e+00	9.755176e+00	
3.620000e+01	0	0	5.957138e-01	-8.325376e+00	
3.625000e+01	0	0	1.778164e+01	5.904900e+00	
3.630000e+01	0	0	1.519055e+01	1.568679e+01	
3.635000e+01	0	0	-1.837405e+00	-4.738300e+00	
3.640000e+01	0	0	-8.861633e+00	-4.313126e+00	
3.645000e+01	0	0	-9.607590e+00	-1.008153e+01	
3.650000e+01	0	0	8.331140e+00	-6.851496e+00	
3.655000e+01	0	0	9.380851e+00	5.925936e+00	
3.660000e+01	0	0	3.652340e+01	-1.110575e+01	
3.665000e+01	0	0	2.266672e+01	-2.981825e+00	
3.670000e+01	0	0	-2.618913e+01	-1.676822e+01	
3.675000e+01	0	0	-2.421159e+00	-1.005236e+01	
3.680000e+01	0	0	-6.239163e+00	1.473580e+01	
3.685000e+01	0	0	5.587958e+00	-4.148556e-01	
3.690000e+01	0	0	1.994230e+01	6.722680e+00	
3.695000e+01	0	0	-1.594826e+01	-5.249786e+00	
37	0	0	-8.131187e+00	-2.432648e+00	
3.705000e+01	0	0	-4.363163e-01	6.132034e+00	
3.710000e+01	0	0	-4.340976e-01	1.071615e+01	
3.715000e+01	0	0	6.315683e+00	1.734361e+01	
3.720000e+01	0	0	6.013844e+00	-3.212905e+00	
3.725000e+01	0	0	1.590684e+00	-1.540350e+01	
3.730000e+01	0	0	1.680247e+01	1.918613e+01	
3.735000e+01	0	0	-7.112432e+00	-4.646830e+00	
3.740000e+01	0	0	2.161128e+01	8.291807e+00	
3.745000e+01	0	0	-1.353691e+01	3.413663e+00	
3.750000e+01	0	0	-1.413237e+01	-3.674341e+01	
3.755000e+01	0	0	4.436808e+00	4.807874e+00	
3.760000e+01	0	0	3.936438e+00	-1.554810e+00	
3.765000e+01	0	0	1.485244e+01	-5.822138e+00	
3.770000e+01	0	0	-4.079823e+00	-5.293358e+00	
3.775000e+01	0	0	8.046581e+00	9.852310e+00	
3.780000e+01	0	0	2.197286e+01	5.413757e+00	
3.785000e+01	0	0	-1.279033e+01	-1.887311e+01	
3.790000e+01	0	0	1.321385e+00	-6.721806e+00	
3.795000e+01	0	0	-9.097534e+00	-9.618195e-01	
38	0	0	-2.039726e+01	-1.220164e+01	
3.805000e+01	0	0	-3.729981e+00	-1.571152e+01	
3.810000e+01	0	0	-1.263594e+01	5.241414e+00	
3.815000e+01	0	0	-1.252992e+01	-4.691993e-01	
3.820000e+01	0	0	5.472659e-01	-3.085712e+00	
3.825000e+01	0	0	2.177445e+00	6.015923e+00	
3.830000e+01	0	0	1.541622e+00	-9.409206e+00	
3.835000e+01	0	0	6.269006e+00	-9.945629e+00	
3.840000e+01	0	0	3.296446e+00	-9.927903e+00	
3.845000e+01	0	0	-1.915257e+00	7.958023e+00	
3.850000e+01	0	0	-1.101821e+01	-1.240590e+01	
3.855000e+01	0	0	4.150722e+00	1.685785e+00	
3.860000e+01	0	0	-9.755566e+00	-2.912445e+00	
3.865000e+01	0	0	-9.092460e+00	-3.574454e+00	
3.870000e+01	0	0	2.224444e+01	-6.345867e+00	
3.875000e+01	0	0	1.466864e+01	-2.561903e+00	
3.880000e+01	0	0	-1.467896e+00	-8.561725e+00	
3.885000e+01	0	0	1.398432e+00	-7.751717e+00	
3.890000e+01	0	0	-3.353733e+00	-1.142768e+01	
3.895000e+01	0	0	2.068428e+01	7.323760e+00	
39	0	0	-9.913897e+00	-1.727426e+00	
3.905000e+01	0	0	6.113738e+00	-2.219339e+00	
3.910000e+01	0	0	9.832803e+00	4.143898e+00	
3.915000e+01	0	0	-2.507939e+00	4.985360e+00	
3.920000e+01	0	0	-7.249284e+00	-1.585344e+01	
3.925000e+01	0	0	-5.593205e+00	1.642539e+00	
3.930000e+01	0	0	-6.918612e+00	7.906563e+00	
3.935000e+01	0	0	-3.013617e+00	7.838861e+00	
3.940000e+01	0	0	-3.783011e+00	1.107985e+01	
3.945000e+01	0	0	2.382197e+01	5.347515e+00	
3.950000e+01	0	0	-9.751083e+00	-3.138586e+00	
3.955000e+01	0	0	1.445855e+01	4.540019e+00	
3.960000e+01	0	0	7.598708e+00	4.945824e+00	
3.965000e+01	0	0	-1.257729e+01	-1.124704e+00	
3.970000e+01	0	0	-8.034101e+00	5.578326e+00	
3.975000e+01	0	0	-1.405898e+01	-5.693675e+00	
3.980000e+01	0	0	-7.367920e+00	-7.060430e+00	
3.985000e+01	0	0	-5.444541e-01	-1.263714e+01	
3.990000e+01	0	0	-1.123895e+01	-8.423307e+00	
3.995000e+01	0	0	1.324258e+01	-1.985502e+00	
40	0	0	1.133591e+01	-1.195027e+01	
4.005000e+01	0	0	5.660964e+00	4.983304e+00	
4.010000e+01	0	0	-1.977363e+01	9.597371e+00	
4.015000e+01	0	0	-5.438405e-01	5.211365e+00	
4.020000e+01	0	0	-5.640426e+00	-9.007257e+00	
4.025000e+01	0	0	-1.472440e+01	2.462084e+00	
4.030000e+01	0	0	-3.060029e+00	1.112461e+01	
4.035000e+01	0	0	2.399014e+01	1.139052e+01	
4.040000e+01	0	0	1.673965e+01	-1.991482e+01	
4.045000e+01	0	0	6.497172e+00	4.974623e-01	
4.050000e+01	0	0	3.660332e+00	5.015451e+00	
4.055000e+01	0	0	1.790817e+01	1.474783e+01	
4.060000e+01	0	0	1.161891e+01	8.015082e+00	
4.065000e+01	0	0	-3.698822e+00	-4.946184e+00	
4.070000e+01	0	0	1.375334e+01	9.106030e+00	
4.075000e+01	0	0	-2.165899e+01	-1.469207e+01	
4.080000e+01	0	0	1.275864e+01	1.464419e+00	
4.085000e+01	0	0	9.965304e+00	1.349469e+01	
4.090000e+01	0	0	-1.991091e+01	-2.462371e-02	
4.095000e+01	0	0	-1.277142e+01	6.658631e+00	
41	0	0	9.287649e+00	5.089617e+00	
4.105000e+01	0	0	-2.971603e+00	1.381824e+01	
4.110000e+01	0	0	1.331368e-01	-9.067695e+00	
4.115000e+01	0	0	-6.556584e+00	1.740267e+01	
4.120000e+01	0	0	-4.029613e+00	5.977489e+00	
4.125000e+01	0	0	1.844262e+00	1.442368e+01	
4.130000e+01	0	0	4.387105e+00	-7.229891e+00	
4.135000e+01	0	0	-5.932714e+00	-7.610452e+00	
4.140000e+01	0	0	4.692699e+00	-1.287051e+01	
4.145000e+01	0	0	7.076037e+00	-2.837291e+00	
4.150000e+01	0	0	-1.774133e+01	-1.779527e+00	
4.155000e+01	0	0	8.081175e+00	-3.496238e+00	
4.160000e+01	0	0	1.627420e+00	-8.009611e-01	
4.165000e+01	0	0	-1.410898e+01	7.643901e-01	
4.170000e+01	0	0	4.186252e+00	-2.069040e+01	
4.175000e+01	0	0	-2.594777e+01	8.884467e-01	
4.180000e+01	0	0	2.090402e+01	1.767769e+00	
4.185000e+01	0	0	-1.358430e+00	-6.974295e+00	
4.190000e+01	0	0	-6.666500e+00	-1.683038e+01	
4.195000e+01	0	0	-1.849880e+01	1.554389e+01	
42	0	0	8.667767e+00	8.331246e+00	
4.205000e+01	0	0	7.171913e+00	-2.037857e+01	
4.210000e+01	0	0	-1.364146e+00	-1.301412e+01	
4.215000e+01	0	0	-2.123732e+00	9.096120e+00	
4.220000e+01	0	0	-5.322238e+00	-4.917401e+00	
4.225000e+01	0	0	2.121655e+01	-1.863896e+01	
4.230000e+01	0	0	5.597417e+00	6.166569e+00	
4.235000e+01	0	0	-3.961976e+00	4.148579e+00	
4.240000e+01	0	0	-4.827967e+00	8.322217e+00	
4.245000e+01	0	0	-1.055471e+01	-4.692695e-01	
4.250000e+01	0	0	-6.708545e+00	4.254018e+00	
4.255000e+01	0	0	-1.451702e+01	-5.936481e+00	
4.260000e+01	0	0	1.506487e+01	-2.653810e+01	
4.265000e+01	0	0	7.083098e+00	-6.923851e+00	
4.270000e+01	0	0	-9.419695e+00	-1.071979e+00	
4.275000e+01	0	0	-8.094366e-01	1.265515e+01	
4.280000e+01	0	0	4.847270e+00	-8.718836e+00	
4.285000e+01	0	0	1.842345e+01	3.870043e+00	
4.290000e+01	0	0	-7.642801e-02	-1.838111e+00	
4.295000e+01	0	0	-1.808935e+00	6.647741e+00	
43	0	0	-6.309767e+00	7.006742e+00	
4.305000e+01	0	0	1.485158e+01	-3.009324e+00	
4.310000e+01	0	0	-1.705845e+01	9.220002e+00	
4.315000e+01	0	0	2.765400e+00	8.145444e+00	
4.320000e+01	0	0	-2.036223e+01	1.513905e-01	
4.325000e+01	0	0	-5.679162e+00	-1.819189e+00	
4.330000e+01	0	0	4.642342e+00	1.005054e+01	
4.335000e+01	0	0	1.642458e+01	4.153488e+00	
4.340000e+01	0	0	-6.006161e+00	4.553768e+00	
4.345000e+01	0	0	5.064268e+00	-1.391816e+01	
4.350000e+01	0	0	-1.084815e+01	-2.285015e+01	
4.355000e+01	0	0	1.923088e+01	-6.060359e+00	
4.360000e+01	0	0	2.299566e+00	2.010507e+01	
4.365000e+01	0	0	1.546038e+00	-1.205955e+01	
4.370000e+01	0	0	1.302755e+01	-1.819919e+01	
4.375000e+01	0	0	-3.661621e+00	1.207439e+01	
4.380000e+01	0	0	7.310151e+00	-6.892136e-01	
4.385000e+01	0	0	-1.131152e+01	5.880284e+00	
4.390000e+01	0	0	-8.452339e+00	1.290834e+01	
4.395000e+01	0	0	-1.852302e+00	-9.905164e+00	
44	0	0	1.634620e+01	6.497838e+00	
4.405000e+01	0	0	1.586391e+00	3.800246e+00	
4.410000e+01	0	0	9.436323e+00	1.351903e+01	
4.415000e+01	0	0	-8.015737e+00	-1.092821e+01	
4.420000e+01	0	0	3.575465e-01	-9.439342e+00	
4.425000e+01	0	0	1.104515e+01	-1.587672e+01	
4.430000e+01	0	0	1.576598e+01	-1.268488e+01	
4.435000e+01	0	0	-7.156185e+00	-4.562356e+00	
4.440000e+01	0	0	9.796545e+00	1.221446e+01	
4.445000e+01	0	0	-6.642973e-02	1.939431e+00	
4.450000e+01	0	0	4.611403e+00	-8.082245e+00	
4.455000e+01	0	0	9.287852e+00	9.081240e+00	
4.460000e+01	0	0	4.470817e+00	1.725231e+00	
4.465000e+01	0	0	7.691077e+00	8.590590e+00	
4.470000e+01	0	0	2.730120e+00	1.172198e+01	
4.475000e+01	0	0	1.674207e+01	-9.928753e+00	
4.480000e+01	0	0	1.140118e+01	-1.222260e+01	
4.485000e+01	0	0	-3.704867e+00	-4.979419e+00	
4.490000e+01	0	0	5.712265e-01	1.006780e+01	
4.495000e+01	0	0	-2.548604e+00	-2.157446e+01	
45	0	0	-1.201130e+01	1.046949e+01	
4.505000e+01	0	0	1.377121e+00	1.018050e+01	
4.510000e+01	0	0	-1.568857e+01	3.019988e+00	
4.515000e+01	0	0	8.536439e+00	-1.587795e+01	
4.520000e+01	0	0	3.010358e-01	1.238027e+01	
4.525000e+01	0	0	-1.240032e+01	1.247291e+01	
4.530000e+01	0	0	-1.200792e+00	2.083460e+00	
4.535000e+01	0	0	-8.653916e+00	-2.509305e+00	
4.540000e+01	0	0	1.652372e+01	2.591122e+01	
4.545000e+01	0	0	1.162163e+01	-6.537519e-01	
4.550000e+01	0	0	9.502649e-01	1.566541e-01	
4.555000e+01	0	0	-8.238936e+00	-1.754815e+00	
4.560000e+01	0	0	2.608084e+00	1.433091e+01	
4.565000e+01	0	0	-1.366132e+00	-1.826015e+01	
4.570000e+01	0	0	-2.440801e+00	-4.039801e+00	
4.575000e+01	0	0	1.544982e+01	4.573852e+00	
4.580000e+01	0	0	5.294806e+00	-3.254314e+00	
4.585000e+01	0	0	8.649348e-01	3.136069e+01	
4.590000e+01	0	0	-8.525613e+00	2.868415e+00	
4.595000e+01	0	0	2.126796e+01	-7.526240e+00	
46	0	0	-2.218788e+00	2.015363e+00	
4.605000e+01	0	0	-1.608936e+00	-2.632320e+01	
4.610000e+01	0	0	9.527928e-01	2.118200e+01	
4.615000e+01	0	0	1.154640e+01	2.517793e+01	
4.620000e+01	0	0	-2.448406e+01	1.269418e+01	
4.625000e+01	0	0	-1.896183e+01	-3.275403e-01	
4.630000e+01	0	0	1.687999e+01	-2.862259e+01	
4.635000e+01	0	0	-6.486101e+00	-7.618658e+00	
4.640000e+01	0	0	1.763859e+01	3.864986e+00	
4.645000e+01	0	0	9.408216e+00	-1.696365e+01	
4.650000e+01	0	0	-3.782614e+00	-2.816093e+00	
4.655000e+01	0	0	4.680020e+00	-6.385330e+00	
4.660000e+01	0	0	1.647932e+01	-4.204375e+00	
4.665000e+01	0	0	8.483613e+00	-1.340845e+01	
4.670000e+01	0	0	-1.092313e+01	-1.220766e+01	
4.675000e+01	0	0	-7.722692e+00	6.916073e+00	
4.680000e+01	0	0	-6.336455e+00	9.978408e+00	
4.685000e+01	0	0	-6.744738e+00	3.419372e+00	
4.690000e+01	0	0	-3.869823e+00	2.536117e+01	
4.695000e+01	0	0	1.189495e+01	6.180672e+00	
47	0	0	4.604885e+00	-8.897294e+00	
4.705000e+01	0	0	-9.885859e+00	-7.515024e+00	
4.710000e+01	0	0	6.288661e+00	1.055152e+01	
4.715000e+01	0	0	-7.499278e-01	5.698442e-01	
4.720000e+01	0	0	-4.096317e+00	-8.760501e+00	
4.725000e+01	0	0	2.176539e+00	-1.444765e+00	
4.730000e+01	0	0	-9.098046e+00	-1.553327e+01	
4.735000e+01	0	0	1.929808e+00	-9.232150e+00	
4.740000e+01	0	0	4.409492e+00	4.690767e+00	
4.745000e+01	0	0	8.297716e+00	-8.684548e+00	
4.750000e+01	0	0	4.630404e-01	1.312958e+01	
4.755000e+01	0	0	1.038750e+01	4.646080e+00	
4.760000e+01	0	0	6.036622e+00	-2.508270e+00	
4.765000e+01	0	0	-2.749330e+00	-6.904685e+00	
4.770000e+01	0	0	5.932035e+00	-8.661447e+00	
4.775000e+01	0	0	7.126915e+00	1.296763e+01	
4.780000e+01	0	0	2.704908e+00	2.475673e+01	
4.785000e+01	0	0	-2.577174e+00	1.257710e+01	
4.790000e+01	0	0	1.361624e+01	-3.887372e+00	
4.795000e+01	0	0	9.099620e+00	9.635028e+00	
48	0	0	4.241561e+00	-4.867032e-01	
4.805000e+01	0	0	3.231690e+00	-8.783624e+00	
4.810000e+01	0	0	-2.324461e+01	1.423906e+01	
4.815000e+01	0	0	-3.765878e+00	-2.546994e+01	
4.820000e+01	0	0	-3.378556e+00	1.675477e+01	
4.825000e+01	0	0	-7.790574e-01	1.376785e+00	
4.830000e+01	0	0	6.944600e+00	1.286878e+01	
4.835000e+01	0	0	1.372480e+01	7.974205e+00	
4.840000e+01	0	0	1.461722e+01	-1.129128e+01	
4.845000e+01	0	0	1.242394e+01	-2.211133e+01	
4.850000e+01	0	0	-1.140659e+01	2.056124e+00	
4.855000e+01	0	0	6.921707e+00	-9.127896e+00	
4.860000e+01	0	0	-2.131710e+01	-1.757102e+00	
4.865000e+01	0	0	-3.479719e+00	1.026855e+00	
4.870000e+01	0	0	6.083346e+00	-1.800672e+01	
4.875000e+01	0	0	8.738029e+00	-3.950218e+00	
4.880000e+01	0	0	-1.098985e+01	-1.082798e+01	
4.885000e+01	0	0	1.764068e+01	8.532014e+00	
4.890000e+01	0	0	1.308740e+01	2.477769e+01	
4.895000e+01	0	0	5.528949e+00	-7.132155e+00	
49	0	0	-4.806488e+00	-1.296636e-01	
4.905000e+01	0	0	-1.545865e+01	-9.107466e-01	
4.910000e+01	0	0	9.148129e+00	-1.117464e+01	
4.915000e+01	0	0	-2.557658e+01	-1.100367e+01	
4.920000e+01	0	0	1.913055e+00	-1.428557e+01	
4.925000e+01	0	0	1.800936e+01	1.518657e+00	
4.930000e+01	0	0	1.285680e+00	5.400304e-01	
4.935000e+01	0	0	5.188873e+00	1.542699e+01	
4.940000e+01	0	0	-8.820517e+00	-5.290955e+00	
4.945000e+01	0	0	-4.311202e+00	-2.569985e+01	
4.950000e+01	0	0	-4.965192e+00	-1.282187e+01	
4.955000e+01	0	0	1.206769e+01	1.987486e+00	
4.960000e+01	0	0	2.555678e+00	-7.427330e+00	
4.965000e+01	0	0	-3.128821e+00	1.572924e+01	
4.970000e+01	0	0	-2.451864e+00	-6.401764e+00	
4.975000e+01	0	0	8.301161e+00	1.529605e+01	
4.980000e+01	0	0	-3.806439e+00	-2.311824e+01	
4.985000e+01	0	0	6.491721e+00	2.790502e+00	
4.990000e+01	0	0	1.157100e+01	-1.666171e-01	
4.995000e+01	0	0	-1.577314e+01	1.615867e+00	
50	0	0	2.495475e+01	-1.349166e+01	
5.005000e+01	0	0	-1.002495e+01	8.540969e+00	
5.010000e+01	0	0	5.666109e+00	-1.386227e+01	
5.015000e+01	0	0	-2.787730e+00	2.569033e+00	
5.020000e+01	0	0	-1.142626e+01	-8.978297e+00	
5.025000e+01	0	0	-1.707136e+01	2.649668e-01	
5.030000e+01	0	0	9.932539e+00	2.639652e+00	
5.035000e+01	0	0	1.586874e+01	-1.525539e+00	
5.040000e+01	0	0	4.458251e+00	3.937406e+00	
5.045000e+01	0	0	-2.026525e+01	5.243716e+00	
5.050000e+01	0	0	2.538080e+01	-1.867227e+00	
5.055000e+01	0	0	-5.862258e+00	4.217991e+00	
5.060000e+01	0	0	3.006628e+01	1.918663e+01	
5.065000e+01	0	0	-3.362770e+00	1.683702e+01	
5.070000e+01	0	0	1.292340e+01	2.533665e+00	
5.075000e+01	0	0	3.426132e+00	-1.372878e+01	
5.080000e+01	0	0	-1.646066e+01	-9.281676e+00	
5.085000e+01	0	0	2.724136e+01	-1.175153e+01	
5.090000e+01	0	0	-6.647247e+00	-1.937018e+01	
5.095000e+01	0	0	6.447184e+00	-1.493550e+01	
51	0	0	-6.487716e+00	1.965579e+01	
5.105000e+01	0	0	2.078490e+01	-1.913436e+01	
5.110000e+01	0	0	-1.436639e+01	5.423151e+00	
5.115000e+01	0	0	6.095259e+00	1.158141e+01	
5.120000e+01	0	0	-1.698769e+01	1.306002e+00	
5.125000e+01	0	0	2.304093e+00	-1.920946e+00	
5.130000e+01	0	0	-1.056087e+01	-1.447600e+00	
5.135000e+01	0	0	7.088602e+00	1.305476e+01	
5.140000e+01	0	0	-1.998630e+01	2.137466e+01	
5.145000e+01	0	0	-9.942994e+00	2.049532e+01	
5.150000e+01	0	0	6.176851e-02	-1.507976e+00	
5.155000e+01	0	0	-3.914191e+00	9.896153e+00	
5.160000e+01	0	0	4.115285e+00	-1.197011e+01	
5.165000e+01	0	0	5.061201e-01	-4.429510e+00	
5.170000e+01	0	0	-3.528908e+00	-1.361039e+01	
5.175000e+01	0	0	-1.370884e+01	1.118814e+01	
5.180000e+01	0	0	-9.145479e+00	2.804505e+01	
5.185000e+01	0	0	6.365876e+00	1.628757e+00	
5.190000e+01	0	0	-6.278564e+00	-3.635689e+00	
5.195000e+01	0	0	2.316651e+00	2.767225e+00	
52	0	0	1.988646e+01	-1.365257e+01	
5.205000e+01	0	0	1.726484e+01	5.818851e+00	
5.210000e+01	0	0	-3.438989e-01	1.662524e+01	
5.215000e+01	0	0	4.654665e+00	-2.822397e+01	
5.220000e+01	0	0	-9.907193e+00	-7.049297e+00	
5.225000e+01	0	0	3.483631e+00	-5.828317e+00	
5.230000e+01	0	0	-1.323293e+01	-2.805680e+01	
5.235000e+01	0	0	-1.070463e+01	3.436892e+01	
5.240000e+01	0	0	-3.483576e+00	8.424884e+00	
5.245000e+01	0	0	8.646608e+00	1.833389e+01	
5.250000e+01	0	0	-2.789993e+00	2.803197e+00	
5.255000e+01	0	0	-7.779190e+00	3.511934e+00	
5.260000e+01	0	0	-3.240677e+00	-5.928762e+00	
5.265000e+01	0	0	2.594913e+01	-1.568109e+01	
5.270000e+01	0	0	-9.721636e+00	-2.509660e+00	
5.275000e+01	0	0	4.130703e+00	1.168522e+01	
5.280000e+01	0	0	-9.560145e+00	1.713677e+01	
5.285000e+01	0	0	4.409432e+00	-2.137175e+00	
5.290000e+01	0	0	-1.807105e+00	4.565588e+00	
5.295000e+01	0	0	-1.007330e+01	9.145279e+00	
53	0	0	2.117639e+01	-1.047923e+01	
5.305000e+01	0	0	1.708848e+01	4.888900e+00	
5.310000e+01	0	0	2.095332e+01	2.965907e+00	
5.315000e+01	0	0	2.080873e+01	9.137737e+00	
5.320000e+01	0	0	-3.834412e+00	3.461003e+01	
5.325000e+01	0	0	-2.928488e+00	3.040810e+00	
5.330000e+01	0	0	6.695665e-01	-5.102143e+00	
5.335000e+01	0	0	-8.652883e+00	3.674999e+00	
5.340000e+01	0	0	-2.254240e+01	-1.014604e+01	
5.345000e+01	0	0	9.355549e+00	-6.650578e+00	
5.350000e+01	0	0	7.673799e+00	1.339812e+01	
5.355000e+01	0	0	-1.610750e+01	1.776221e+01	
5.360000e+01	0	0	1.412767e+01	2.161855e+01	
5.365000e+01	0	0	6.056686e+00	1.730071e+01	
5.370000e+01	0	0	-1.131762e+01	-1.113240e+01	
5.375000e+01	0	0	1.085095e+01	7.908809e+00	
5.380000e+01	0	0	-1.203845e+01	-4.220865e+00	
5.385000e+01	0	0	-4.967544e-01	1.684661e+01	
5.390000e+01	0	0	7.826787e+00	-1.565145e+01	
5.395000e+01	0	0	4.805369e+00	-8.657015e+00	
54	0	0	3.968279e+01	4.133912e+00	
5.405000e+01	0	0	1.038133e+01	9.851948e+00	
5.410000e+01	0	0	-3.248690e+00	1.917726e+01	
5.415000e+01	0	0	9.779212e+00	-1.080457e+01	
5.420000e+01	0	0	-7.383781e+00	7.413575e+00	
5.425000e+01	0	0	7.074162e+00	5.235260e+00	
5.430000e+01	0	0	4.999289e+00	1.476609e+01	
5.435000e+01	0	0	5.039021e+00	2.379291e+00	
5.440000e+01	0	0	4.015561e-01	-9.672049e+00	
5.445000e+01	0	0	7.934332e-01	-5.958490e+00	
5.450000e+01	0	0	-8.951871e+00	9.086818e+00	
5.455000e+01	0	0	-1.812119e+01	-1.815447e+01	
5.460000e+01	0	0	-1.759985e+01	5.356082e-01	
5.465000e+01	0	0	-5.598027e+00	-2.199809e+00	
5.470000e+01	0	0	5.513457e+00	-1.455323e+01	
5.475000e+01	0	0	-4.104652e+00	-2.125731e+01	
5.480000e+01	0	0	-1.327003e+00	-7.453632e+00	
5.485000e+01	0	0	-1.208640e+00	-2.705632e+00	
5.490000e+01	0	0	1.574396e+01	1.798609e+01	
5.495000e+01	0	0	-1.111862e+01	1.951387e+01	
55	0	0	7.636367e+00	-8.299376e+00	
5.505000e+01	0	0	1.991466e+01	3.687104e+00	
5.510000e+01	0	0	7.567426e+00	-1.341440e+01	
5.515000e+01	0	0	-1.767635e+00	-3.727704e+00	
5.520000e+01	0	0	-2.180290e+01	1.651952e-01	
5.525000e+01	0	0	-4.928948e+00	7.415307e-01	
5.530000e+01	0	0	1.350072e+01	-3.696035e+00	
5.535000e+01	0	0	-3.392576e+01	7.760940e+00	
5.540000e+01	0	0	-1.320734e+01	-7.082731e+00	
5.545000e+01	0	0	-5.241084e+00	-1.530251e+01	
5.550000e+01	0	0	1.786704e+01	3.231708e+00	
5.555000e+01	0	0	-7.371292e+00	-1.575756e+01	
5.560000e+01	0	0	1.343719e+01	-4.552019e+00	
5.565000e+01	0	0	1.253979e+01	1.775897e+01	
5.570000e+01	0	0	-1.296844e+01	-1.140640e+01	
5.575000e+01	0	0	9.164471e+00	1.013134e+01	
5.580000e+01	0	0	3.157672e+00	5.070596e+00	
5.585000e+01	0	0	-2.671482e+01	8.032855e+00	
5.590000e+01	0	0	-2.056692e+01	-3.765851e+00	
5.595000e+01	0	0	-4.120525e+00	3.320936e-02	
56	0	0	1.917616e+00	-1.406515e+01	
5.605000e+01	0	0	-8.657713e+00	-9.054175e-01	
5.610000e+01	0	0	-2.463457e+01	1.671975e+01	
5.615000e+01	0	0	1.979514e+01	-1.597799e+01	
5.620000e+01	0	0	8.767790e+00	-1.004692e+01	
5.625000e+01	0	0	-1.284689e+01	-3.882272e+00	
5.630000e+01	0	0	-5.736155e+00	-4.825770e+00	
5.635000e+01	0	0	1.591844e+01	-2.762489e+01	
5.640000e+01	0	0	-2.455793e+01	4.763238e+00	
5.645000e+01	0	0	7.446971e+00	-3.763599e+00	
5.650000e+01	0	0	-7.484224e+00	1.815229e+01	
5.655000e+01	0	0	5.984025e-01	-9.599657e+00	
5.660000e+01	0	0	1.181868e+00	8.948837e+00	
5.665000e+01	0	0	-1.356933e+01	-1.045204e+01	
5.670000e+01	0	0	7.162480e+00	-5.827651e+00	
5.675000e+01	0	0	-3.273683e+00	7.797218e+00	
5.680000e+01	0	0	-1.299051e+01	-6.534543e+00	
5.685000e+01	0	0	-2.420656e+01	1.352143e+00	
5.690000e+01	0	0	-2.901175e-01	1.619970e-01	
5.695000e+01	0	0	-1.117469e+01	2.944735e+00	
57	0	0	-2.857128e+00	-9.400414e+00	
5.705000e+01	0	0	1.974293e+01	4.484602e+00	
5.710000e+01	0	0	-9.125398e+00	2.302604e+00	
5.715000e+01	0	0	-8.100984e+00	-1.950114e+00	
5.720000e+01	0	0	5.726112e+00	5.365437e-01	
5.725000e+01	0	0	-1.448967e+01	-5.561860e+00	
5.730000e+01	0	0	-5.355555e-01	1.567885e+01	
5.735000e+01	0	0	7.493318e+00	1.609923e+01	
5.740000e+01	0	0	-4.193290e+00	-1.499990e+01	
5.745000e+01	0	0	-1.538940e+01	3.517800e+01	
5.750000e+01	0	0	5.298008e+00	1.295133e+01	
5.755000e+01	0	0	-3.560089e+00	1.686136e+01	
5.760000e+01	0	0	-1.162173e-01	1.511280e+00	
5.765000e+01	0	0	-1.264279e+01	2.494123e+01	
5.770000e+01	0	0	2.708029e+01	4.296651e+00	
5.775000e+01	0	0	-1.141189e+00	-1.144211e+01	
5.780000e+01	0	0	1.258557e+01	6.456351e+00	
5.785000e+01	0	0	9.537933e+00	1.496352e+01	
5.790000e+01	0	0	1.532617e+01	-1.626146e+01	
5.795000e+01	0	0	2.604980e+01	9.304828e+00	
58	0	0	2.796860e+00	3.015207e+00	
5.805000e+01	0	0	8.098168e+00	-7.288107e+00	
5.810000e+01	0	0	-1.866786e-01	3.936705e+01	
5.815000e+01	0	0	-2.325432e+01	4.802347e+00	
5.820000e+01	0	0	-1.170033e+01	-2.071316e+01	
5.825000e+01	0	0	2.178405e+01	-1.213997e+00	
5.830000e+01	0	0	1.475307e+01	1.641570e+01	
5.835000e+01	0	0	-2.382180e+00	-2.373053e+00	
5.840000e+01	0	0	-1.040770e+01	-1.007623e+01	
5.845000e+01	0	0	1.443497e+01	-2.537552e+01	
5.850000e+01	0	0	4.507025e+00	-4.970212e+00	
5.855000e+01	0	0	-4.004898e+00	-1.776980e+00	
5.860000e+01	0	0	-5.944799e+00	-4.966766e+00	
5.865000e+01	0	0	-1.044398e+01	7.054032e+00	
5.870000e+01	0	0	-2.420133e+00	-9.327512e+00	
5.875000e+01	0	0	3.118758e+00	-5.203196e+00	
5.880000e+01	0	0	-2.273808e+01	9.261177e+00	
5.885000e+01	0	0	1.352473e+01	-1.331598e-01	
5.890000e+01	0	0	-4.566636e+00	-1.002762e+00	
5.895000e+01	0	0	1.932329e+01	-1.132692e+01	
59	0	0	-7.812333e+00	1.962466e+00	
5.905000e+01	0	0	2.832387e+00	3.573399e+00	
5.910000e+01	0	0	-8.182179e+00	2.977982e+00	
5.915000e+01	0	0	3.645269e+00	1.860700e+01	
5.920000e+01	0	0	2.079836e+00	-9.441081e-01	
5.925000e+01	0	0	-1.033669e+01	-1.458543e+01	
5.930000e+01	0	0	1.768325e+01	-1.295457e+01	
5.935000e+01	0	0	-6.957807e+00	-2.383260e+00	
5.940000e+01	0	0	5.682009e+00	7.488256e+00	
5.945000e+01	0	0	6.198773e+00	6.892931e+00	
5.950000e+01	0	0	8.869472e+00	-1.727470e+01	
5.955000e+01	0	0	2.033620e-01	-2.372606e+01	
5.960000e+01	0	0	9.053491e-01	-1.432100e+01	
5.965000e+01	0	0	-6.219278e+00	-1.273131e-01	
5.970000e+01	0	0	-1.961768e+01	4.375921e+00	
5.975000e+01	0	0	-2.970043e+00	1.893222e+01	
5.980000e+01	0	0	-7.373626e-01	5.798203e+00	
5.985000e+01	0	0	1.038018e+01	2.410419e+00	
5.990000e+01	0	0	3.213913e+01	-1.602603e+01	
5.995000e+01	0	0	-4.260460e+00	3.017327e+01	
60	0	0	1.346395e+01	7.407069e+00	
6.005000e+01	0	0	1.316535e+01	-1.241582e+01	
6.010000e+01	0	0	1.481504e+01	-1.112137e+01	
6.015000e+01	0	0	-6.428578e+00	-6.521482e+00	
6.020000e+01	0	0	1.157790e+01	-2.843552e+01	
6.025000e+01	0	0	2.448792e+00	-1.143941e+01	
6.030000e+01	0	0	-1.457469e+01	1.855163e+01	
6.035000e+01	0	0	-6.421117e-01	-3.068018e+00	
6.040000e+01	0	0	-4.533415e+00	-1.779852e+01	
6.045000e+01	0	0	-1.669597e+01	8.111315e+00	
6.050000e+01	0	0	1.463015e+01	1.706596e+01	
6.055000e+01	0	0	6.612297e+00	-1.039214e+01	
6.060000e+01	0	0	-2.585052e+00	9.629058e+00	
6.065000e+01	0	0	-4.271811e+00	-2.700948e+01	
6.070000e+01	0	0	-8.668755e+00	-1.711345e+01	
6.075000e+01	0	0	1.921700e+01	-1.724853e+01	
6.080000e+01	0	0	-9.282662e+00	1.922886e+00	
6.085000e+01	0	0	-7.513395e+00	2.397694e+00	
6.090000e+01	0	0	-9.158981e+00	2.392177e+01	
6.095000e+01	0	0	1.315532e+01	4.622235e+00	
61	0	0	6.617410e-01	6.170419e+00	
6.105000e+01	0	0	1.627705e+01	1.603564e+01	
6.110000e+01	0	0	-1.485986e+01	3.170114e+00	
6.115000e+01	0	0	4.090813e+00	-2.742749e+00	
6.120000e+01	0	0	2.783401e+00	2.818600e+01	
6.125000e+01	0	0	5.474561e+00	2.317288e-01	
6.130000e+01	0	0	-2.586182e+01	-2.654691e+00	
6.135000e+01	0	0	1.739946e+00	2.281308e+01	
6.140000e+01	0	0	-2.809674e+01	-6.844973e-01	
6.145000e+01	0	0	1.336296e+00	5.985641e+00	
6.150000e+01	0	0	-1.124921e+01	-7.276664e+00	
6.155000e+01	0	0	-5.631668e+00	-6.743052e+00	
6.160000e+01	0	0	4.063435e-01	-1.777813e+00	
6.165000e+01	0	0	-1.644027e+01	1.388773e+01	
6.170000e+01	0	0	1.310004e+01	1.329948e+01	
6.175000e+01	0	0	1.554909e+00	5.700859e+00	
6.180000e+01	0	0	-2.483944e+00	9.820104e-01	
6.185000e+01	0	0	-1.581707e+01	1.776297e+00	
6.190000e+01	0	0	5.833988e+00	-2.373156e+01	
6.195000e+01	0	0	1.727908e+01	4.250091e+00	
62	0	0	-1.678031e+00	3.908173e+00	
6.205000e+01	0	0	1.656630e+01	1.414573e+01	
6.210000e+01	0	0	1.456139e+01	8.424052e+00	
6.215000e+01	0	0	-7.428798e+00	-5.093499e+00	
6.220000e+01	0	0	-1.403164e+01	-6.867893e+00	
6.225000e+01	0	0	-6.879783e+00	1.529702e+01	
6.230000e+01	0	0	-6.891522e+00	1.651779e+01	
6.235000e+01	0	0	-9.899933e-01	-2.317933e+00	
6.240000e+01	0	0	2.385115e+01	2.182136e+01	
6.245000e+01	0	0	1.241340e+01	1.465816e+01	
6.250000e+01	0	0	1.588114e+01	-5.475317e+00	
6.255000e+01	0	0	-5.334383e+00	1.137880e+00	
6.260000e+01	0	0	-1.945942e+01	-1.442371e+00	
6.265000e+01	0	0	1.508582e+01	-1.590775e+01	
6.270000e+01	0	0	-1.290869e+01	1.094867e+01	
6.275000e+01	0	0	-5.053193e+00	1.854967e+00	
6.280000e+01	0	0	-9.909577e+00	-1.690023e+01	
6.285000e+01	0	0	-3.997079e-01	1.294083e+01	
6.290000e+01	0	0	-2.360160e+01	2.072752e+01	
6.295000e+01	0	0	3.917972e+00	1.330497e+01	
63	0	0	-1.047762e+01	-1.083525e+01	
6.305000e+01	0	0	-6.928122e+00	3.969932e+00	
6.310000e+01	0	0	1.120854e+01	-8.538006e+00	
6.315000e+01	0	0	6.195575e+00	-6.219246e+00	
6.320000e+01	0	0	-7.997817e+00	-1.707617e+01	
6.325000e+01	0	0	-4.782119e+00	3.713776e+01	
6.330000e+01	0	0	9.253209e-01	7.456569e+00	
6.335000e+01	0	0	1.243187e+01	-5.746735e+00	
6.340000e+01	0	0	8.889694e+00	-2.744152e+00	
6.345000e+01	0	0	4.519754e+01	6.857578e+00	
6.350000e+01	0	0	-5.836198e+00	-1.827866e+01	
6.355000e+01	0	0	2.829469e+00	1.382009e+01	
6.360000e+01	0	0	-1.549684e+01	-3.347561e+00	
6.365000e+01	0	0	-6.007948e+00	2.057231e+01	
6.370000e+01	0	0	6.410854e+00	2.017199e+01	
6.375000e+01	0	0	-5.368481e+00	2.013011e+01	
6.380000e+01	0	0	1.151876e+01	-8.873483e+00	
6.385000e+01	0	0	1.802687e+00	2.259872e+00	
6.390000e+01	0	0	6.874137e+00	4.064760e+00	
6.395000e+01	0	0	4.379429e+00	8.743978e+00	
64	0	0	-2.544981e-01	-2.794410e+01	
6.405000e+01	0	0	-1.697278e+00	2.457622e+00	
6.410000e+01	0	0	-5.720605e+00	-4.382565e+00	
6.415000e+01	0	0	-3.806550e+00	-1.936201e+00	
6.420000e+01	0	0	-1.887423e+01	8.321321e+00	
6.425000e+01	0	0	-1.605822e+01	8.067445e+00	
6.430000e+01	0	0	1.024777e+01	1.092136e+00	
6.435000e+01	0	0	6.396421e+00	-1.213400e+01	
6.440000e+01	0	0	-2.022630e+01	-5.510683e+00	
6.445000e+01	0	0	3.195350e+00	-1.516840e+00	
6.450000e+01	0	0	1.053394e+01	-1.316393e-01	
6.455000e+01	0	0	1.210468e+01	3.442833e+00	
6.460000e+01	0	0	2.774524e+01	-3.232173e+00	
6.465000e+01	0	0	-1.096839e+01	5.657376e+00	
6.470000e+01	0	0	-2.619318e+01	2.383204e+01	
6.475000e+01	0	0	-1.870281e+01	5.258117e+00	
6.480000e+01	0	0	1.651982e+01	9.565580e-01	
6.485000e+01	0	0	1.638735e+01	-3.585756e+00	
6.490000e+01	0	0	-2.436207e+01	8.541538e+00	
6.495000e+01	0	0	-5.451121e+00	-5.191642e+00	
65	0	0	-3.952676e+00	1.208517e+01	
6.505000e+01	0	0	2.369018e+01	-7.311182e+00	
6.510000e+01	0	0	-4.768686e+00	1.455648e+00	
6.515000e+01	0	0	1.871649e+01	-1.141901e+01	
6.520000e+01	0	0	4.461912e+00	-3.561272e+00	
6.525000e+01	0	0	-5.165426e+00	2.846948e+01	
6.530000e+01	0	0	5.808227e+00	9.837271e+00	
6.535000e+01	0	0	1.236933e+01	-9.277467e+00	
6.540000e+01	0	0	-5.817716e+00	1.569519e+01	
6.545000e+01	0	0	-6.051969e+00	1.124433e+00	
6.550000e+01	0	0	6.033901e+00	1.582879e+01	
6.555000e+01	0	0	3.610627e+00	2.061806e+01	
6.560000e+01	0	0	-5.427577e-01	1.789327e+01	
6.565000e+01	0	0	-1.611967e+00	1.832835e+00	
6.570000e+01	0	0	1.363856e+00	7.906413e+00	
6.575000e+01	0	0	2.080886e+01	6.388654e+00	
6.580000e+01	0	0	1.868267e+01	-9.667027e+00	
6.585000e+01	0	0	-3.398528e+00	1.198124e+01	
6.590000e+01	0	0	-3.471991e+00	-6.970220e-01	
6.595000e+01	0	0	-7.903686e+00	-1.118502e+01	
66	0	0	-2.412745e+01	-3.828187e+00	
6.605000e+01	0	0	-1.198526e+01	2.081061e+00	
6.610000e+01	0	0	-1.696355e+00	7.313148e+00	
6.615000e+01	0	0	8.918532e+00	-3.349386e+00	
6.620000e+01	0	0	3.855748e+00	1.179917e+01	
6.625000e+01	0	0	-2.385173e+00	1.019107e+01	
6.630000e+01	0	0	-6.146681e-02	4.066419e+00	
6.635000e+01	0	0	2.689922e+01	1.184604e+01	
6.640000e+01	0	0	1.001892e+01	-7.443181e+00	
6.645000e+01	0	0	-1.554385e+01	-3.555538e+00	
6.650000e+01	0	0	1.153343e+01	1.384098e+00	
6.655000e+01	0	0	-7.489582e+00	-6.857727e+00	
6.660000e+01	0	0	-1.309277e+01	-2.549700e+01	
6.665000e+01	0	0	-5.806104e+00	-1.167905e-01	
6.670000e+01	0	0	-1.171145e+01	1.196592e+01	
6.675000e+01	0	0	2.016541e+01	-1.552163e+01	
6.680000e+01	0	0	-6.731085e+00	-5.917798e+00	
6.685000e+01	0	0	-5.589300e+00	-1.041940e+01	
6.690000e+01	0	0	1.279175e+01	-7.632750e+00	
6.695000e+01	0	0	1.548195e+01	-1.890586e+00	
67	0	0	1.690440e+01	-9.379365e+00	
6.705000e+01	0	0	-1.882762e+00	1.793583e+01	
6.710000e+01	0	0	8.708032e+00	1.829559e+01	
6.715000e+01	0	0	-1.332029e+01	4.279286e+00	
6.720000e+01	0	0	-1.348759e+01	-3.183514e+00	
6.725000e+01	0	0	-1.537317e+01	-2.829945e+00	
6.730000e+01	0	0	-2.898763e+00	6.213850e+00	
6.735000e+01	0	0	9.179964e+00	-9.586126e-02	
6.740000e+01	0	0	-2.016255e+00	7.548461e+00	
6.745000e+01	0	0	1.164079e+01	-1.161859e+01	
6.750000e+01	0	0	9.849056e+00	-9.080751e-01	
6.755000e+01	0	0	1.897589e+01	-1.031581e+01	
6.760000e+01	0	0	6.144908e+00	3.477434e+00	
6.765000e+01	0	0	-1.881788e+00	6.275160e+00	
6.770000e+01	0	0	-9.096777e+00	-7.440254e+00	
6.775000e+01	0	0	-4.902268e+00	-5.026978e+00	
6.780000e+01	0	0	3.214949e+01	-1.149562e+00	
6.785000e+01	0	0	2.540369e-01	-6.825716e+00	
6.790000e+01	0	0	8.570312e+00	5.915367e+00	
6.795000e+01	0	0	4.342090e+00	1.454028e+01	
68	0	0	-9.474768e+00	-1.196882e+01	
6.805000e+01	0	0	-2.196139e+01	4.404897e+00	
6.810000e+01	0	0	3.143481e+01	8.436709e+00	
6.815000e+01	0	0	-2.079557e+01	-1.344149e+01	
6.820000e+01	0	0	-1.191776e+01	-5.817080e+00	
6.825000e+01	0	0	1.631908e+01	-9.596718e+00	
6.830000e+01	0	0	7.210029e+00	-4.010369e+00	
6.835000e+01	0	0	1.579163e+00	2.956793e+00	
6.840000e+01	0	0	6.755665e+00	2.969596e+01	
6.845000e+01	0	0	8.488286e+00	-1.931506e+01	
6.850000e+01	0	0	7.979510e+00	1.875718e+01	
6.855000e+01	0	0	5.299326e+00	2.062276e+01	
6.860000e+01	0	0	8.853723e+00	1.494316e+01	
6.865000e+01	0	0	-2.785443e+00	-9.711248e-01	
6.870000e+01	0	0	8.460934e+00	-1.008859e+01	
6.875000e+01	0	0	-6.209970e+00	3.158473e+00	
6.880000e+01	0	0	-2.863189e+00	-1.510905e+01	
6.885000e+01	0	0	-8.738968e+00	-2.690891e+00	
6.890000e+01	0	0	-2.235489e+01	4.631733e+00	
6.895000e+01	0	0	2.944881e+01	6.672394e+00	
69	0	0	-1.115262e+01	-2.105008e+00	
6.905000e+01	0	0	1.781585e+01	1.906689e+01	
6.910000e+01	0	0	1.267773e+01	1.355938e+01	
6.915000e+01	0	0	9.146433e+00	3.235951e+00	
6.920000e+01	0	0	-1.660570e+01	1.293044e+01	
6.925000e+01	0	0	2.010369e+01	-1.214489e+00	
6.930000e+01	0	0	7.605601e+00	-2.798982e+00	
6.935000e+01	0	0	-1.872394e+01	2.721724e+01	
6.940000e+01	0	0	-9.698999e+00	-4.818854e+00	
6.945000e+01	0	0	-1.130363e+01	-1.800607e+00	
6.950000e+01	0	0	-8.361979e+00	-6.216538e+00	
6.955000e+01	0	0	2.704619e+01	2.187155e+01	
6.960000e+01	0	0	2.104981e+01	5.604198e+00	
6.965000e+01	0	0	-1.667546e+01	-1.934483e+01	
6.970000e+01	0	0	1.420240e+01	1.548529e+01	
6.975000e+01	0	0	5.961036e+00	6.901791e+00	
6.980000e+01	0	0	1.588908e+00	-4.023980e+00	
6.985000e+01	0	0	-1.696073e+01	-8.558753e+00	
6.990000e+01	0	0	-2.234508e+00	1.517697e+01	
6.995000e+01	0	0	-1.965245e+01	3.458730e+00	
70	0	0	-6.993153e+00	5.875103e+00	
7.005000e+01	0	0	9.529579e+00	-1.133189e+01	
7.010000e+01	0	0	-8.131212e+00	1.565215e+00	
7.015000e+01	0	0	-6.208354e+00	-5.841476e+00	
7.020000e+01	0	0	-2.706702e+00	-1.635865e+01	
7.025000e+01	0	0	-8.544918e+00	-1.325014e+01	
7.030000e+01	0	0	-1.018702e+01	3.228743e+00	
7.035000e+01	0	0	-1.390044e+01	-6.832931e+00	
7.040000e+01	0	0	5.455308e+00	-9.370201e+00	
7.045000e+01	0	0	-4.667491e+00	1.630455e+01	
7.050000e+01	0	0	8.642136e+00	1.382259e+01	
7.055000e+01	0	0	-2.959135e+01	2.617661e+01	
7.060000e+01	0	0	-1.161148e+01	1.372123e+01	
7.065000e+01	0	0	7.625983e+00	1.117422e+01	
7.070000e+01	0	0	-2.084443e+01	1.284103e+01	
7.075000e+01	0	0	-7.498648e+00	-1.500295e+00	
7.080000e+01	0	0	-7.651181e-01	-6.226290e+00	
7.085000e+01	0	0	4.248855e+00	-2.302778e+00	
7.090000e+01	0	0	-2.549627e-01	6.656086e+00	
7.095000e+01	0	0	1.455536e+01	6.588106e+00	
71	0	0	4.452072e+00	1.284171e+01	
7.105000e+01	0	0	3.144462e+00	4.244266e+00	
7.110000e+01	0	0	-1.657566e+01	-1.550788e-01	
7.115000e+01	0	0	2.856513e+01	-5.372728e+00	
7.120000e+01	0	0	-1.907096e+00	1.507909e+01	
7.125000e+01	0	0	6.928603e+00	-1.256045e+01	
7.130000e+01	0	0	8.487956e+00	1.538270e+01	
7.135000e+01	0	0	-1.296924e+00	-1.407374e+01	
7.140000e+01	0	0	-3.630214e-01	8.233731e+00	
7.145000e+01	0	0	-1.263857e+01	-2.869778e+00	
7.150000e+01	0	0	-1.047399e+01	-1.210746e+01	
7.155000e+01	0	0	7.208549e+00	3.136252e+00	
7.160000e+01	0	0	-9.696330e-01	7.809074e+00	
7.165000e+01	0	0	-1.849449e+01	6.664979e+00	
7.170000e+01	0	0	1.616805e+01	-6.412901e+00	
7.175000e+01	0	0	1.022073e+01	-1.532285e+01	
7.180000e+01	0	0	-6.711985e+00	4.344379e+00	
7.185000e+01	0	0	-9.744175e+00	-9.395360e+00	
7.190000e+01	0	0	4.932455e+00	1.268060e+01	
7.195000e+01	0	0	1.340657e+01	2.063727e+01	
72	0	0	7.262333e+00	1.256836e+01	
7.205000e+01	0	0	-1.261739e+01	1.005248e+01	
7.210000e+01	0	0	1.174050e+01	3.943176e+00	
7.215000e+01	0	0	1.297282e+01	1.023342e+01	
7.220000e+01	0	0	-1.218355e+01	-8.359427e+00	
7.225000e+01	0	0	1.084835e+00	1.373621e+01	
7.230000e+01	0	0	2.101816e+01	-2.556504e+00	
7.235000e+01	0	0	-1.809242e+00	9.880466e+00	
7.240000e+01	0	0	5.322139e+00	3.167677e+01	
7.245000e+01	0	0	-1.872562e+01	2.973454e+01	
7.250000e+01	0	0	-4.215070e+00	1.848810e+01	
7.255000e+01	0	0	-1.422571e+01	2.565210e+01	
7.260000e+01	0	0	2.201862e+01	5.089720e+00	
7.265000e+01	0	0	1.342256e+01	-1.299690e+00	
7.270000e+01	0	0	3.129721e+01	3.885988e+00	
7.275000e+01	0	0	-5.362644e+00	1.130013e+01	
7.280000e+01	0	0	1.352949e+01	7.222188e+00	
7.285000e+01	0	0	2.006765e+00	-1.408177e+01	
7.290000e+01	0	0	-1.370145e+01	1.574275e+00	
7.295000e+01	0	0	-1.226536e+01	-2.077737e+00	
73	0	0	1.612078e+01	-3.669117e+00	
7.305000e+01	0	0	-1.446322e+00	-1.606658e+01	
7.310000e+01	0	0	-6.464845e+00	1.186442e+01	
7.315000e+01	0	0	2.252304e+00	9.340510e+00	
7.320000e+01	0	0	6.524510e-01	1.133930e+01	
7.325000e+01	0	0	-2.808083e+01	-1.489286e-01	
7.330000e+01	0	0	4.987209e+00	-8.491745e-01	
7.335000e+01	0	0	7.267375e+00	3.088701e+00	
7.340000e+01	0	0	1.045112e+01	1.287567e+00	
7.345000e+01	0	0	5.353925e+00	-3.266960e+00	
7.350000e+01	0	0	-9.045270e+00	8.669847e+00	
7.355000e+01	0	0	9.819288e+00	-1.308287e+01	
7.360000e+01	0	0	-4.660189e+00	-1.158575e+01	
7.365000e+01	0	0	-1.267072e+00	1.944711e+01	
7.370000e+01	0	0	-5.953173e+00	1.214544e+01	
7.375000e+01	0	0	3.065002e+00	1.527598e+00	
7.380000e+01	0	0	5.513099e+00	1.740636e+01	
7.385000e+01	0	0	-4.418583e+00	6.832212e-01	
7.390000e+01	0	0	1.414240e+01	1.905759e+00	
7.395000e+01	0	0	-1.183519e+00	-1.079385e+01	
74	0	0	-7.677118e+00	-2.045349e+01	
7.405000e+01	0	0	9.499724e+00	-1.124945e+01	
7.410000e+01	0	0	-1.716493e+01	2.023646e+00	
7.415000e+01	0	0	1.134365e+01	4.061444e+00	
7.420000e+01	0	0	5.102755e-01	6.737091e+00	
7.425000e+01	0	0	-6.767781e+00	6.455394e+00	
7.430000e+01	0	0	-1.356284e+00	-1.549982e+01	
7.435000e+01	0	0	8.824741e-01	-2.783126e+01	
7.440000e+01	0	0	-4.092031e+00	2.376186e+00	
7.445000e+01	0	0	-4.221586e+00	-2.604485e+00	
7.450000e+01	0	0	5.765467e+00	5.131927e+00	
7.455000e+01	0	0	-9.142334e-02	-6.940706e+00	
7.460000e+01	0	0	9.374170e+00	-2.182284e+00	
7.465000e+01	0	0	-1.032149e+01	-8.092305e+00	
7.470000e+01	0	0	7.293272e+00	4.657050e+00	
7.475000e+01	0	0	-1.851180e+00	1.638276e+01	
7.480000e+01	0	0	-1.381208e+01	1.476235e+01	
7.485000e+01	0	0	1.788670e+01	4.149233e+00	
7.490000e+01	0	0	2.184198e-01	2.830862e+00	
7.495000e+01	0	0	3.833888e+00	3.979385e+00	
75	0	0	-6.613002e+00	-8.321578e+00	
7.505000e+01	0	0	-7.138033e+00	-8.930664e+00	
7.510000e+01	0	0	-9.154029e+00	-3.759595e+00	
7.515000e+01	0	0	-1.815724e+01	1.802540e+00	
7.520000e+01	0	0	1.532061e+01	4.322839e+00	
7.525000e+01	0	0	-3.249115e+00	-1.051509e+01	
7.530000e+01	0	0	-1.310456e-01	-4.372147e+00	
7.535000e+01	0	0	-2.183858e+00	1.227351e+01	
7.540000e+01	0	0	-6.444080e+00	-1.153580e+01	
7.545000e+01	0	0	-4.492496e+00	-2.893560e+00	
7.550000e+01	0	0	2.794608e+01	6.393238e+00	
7.555000e+01	0	0	-9.106108e+00	1.162389e+01	
7.560000e+01	0	0	-9.310642e-01	1.095653e+01	
7.565000e+01	0	0	1.690171e+01	9.508874e-01	
7.570000e+01	0	0	-5.082614e+00	-1.598708e+01	
7.575000e+01	0	0	5.996894e+00	-7.858539e+00	
7.580000e+01	0	0	-1.021773e+01	3.808077e+00	
7.585000e+01	0	0	4.762076e+00	-1.928750e+01	
7.590000e+01	0	0	1.133459e+01	-1.751587e+01	
7.595000e+01	0	0	2.695074e+01	-9.366219e+00	
76	0	0	1.671156e+01	1.265028e+01	
7.605000e+01	0	0	6.668214e-02	2.493187e+01	
7.610000e+01	0	0	1.101078e+01	1.813716e-02	
7.615000e+01	0	0	-1.375869e+01	-2.670801e-01	
7.620000e+01	0	0	4.048873e+00	-2.369388e+01	
7.625000e+01	0	0	1.185140e+01	1.295946e+01	
7.630000e+01	0	0	1.249767e+01	-2.648836e+01	
7.635000e+01	0	0	7.065206e+00	8.788219e+00	
7.640000e+01	0	0	1.282588e+00	1.420229e+01	
7.645000e+01	0	0	-3.716316e+00	1.935454e+00	
7.650000e+01	0	0	-1.312102e+00	4.653915e+00	
7.655000e+01	0	0	-1.742886e+01	2.300236e+01	
7.660000e+01	0	0	4.738253e-01	-1.398964e+01	
7.665000e+01	0	0	1.811788e+01	1.675586e+01	
7.670000e+01	0	0	1.324713e+01	1.151603e+01	
7.675000e+01	0	0	1.234698e+01	-1.216992e+01	
7.680000e+01	0	0	-6.984856e-01	-4.627179e+00	
7.685000e+01	0	0	4.927874e+00	9.479576e+00	
7.690000e+01	0	0	-1.240028e+01	3.022428e+00	
7.695000e+01	0	0	6.590726e+00	-1.729350e+01	
77	0	0	-9.806081e+00	9.895215e+00	
7.705000e+01	0	0	-1.716965e+01	-2.189954e+01	
7.710000e+01	0	0	-3.426483e+00	-4.372626e+00	
7.715000e+01	0	0	1.708039e+01	4.228893e+00	
7.720000e+01	0	0	-7.360099e+00	1.272048e+01	
7.725000e+01	0	0	1.242753e+01	7.378329e+00	
7.730000e+01	0	0	-2.527211e+01	-2.667030e+00	
7.735000e+01	0	0	-5.993735e-01	-6.883940e-01	
7.740000e+01	0	0	-1.843370e+01	-6.462900e+00	
7.745000e+01	0	0	-6.200015e+00	9.936525e+00	
7.750000e+01	0	0	3.237566e+00	-2.592928e+01	
7.755000e+01	0	0	-1.661771e+01	5.700179e+00	
7.760000e+01	0	0	-7.014089e+00	-2.424842e+00	
7.765000e+01	0	0	-8.896878e+00	-1.174204e+01	
7.770000e+01	0	0	-1.911518e+00	7.217402e+00	
7.775000e+01	0	0	-1.997100e+01	-4.162531e+00	
7.780000e+01	0	0	1.578721e+01	-1.553845e+01	
7.785000e+01	0	0	7.624765e+00	8.612351e-01	
7.790000e+01	0	0	9.250422e+00	1.438270e+00	
7.795000e+01	0	0	5.998443e+00	-1.224158e+01	
78	0	0	1.265224e-01	-1.330644e-01	
7.805000e+01	0	0	-7.678801e+00	1.992246e+01	
7.810000e+01	0	0	2.863336e+01	7.861618e+00	
7.815000e+01	0	0	8.496733e-01	1.459804e+01	
7.820000e+01	0	0	1.424751e+01	7.418293e+00	
7.825000e+01	0	0	8.437429e+00	-1.479825e+01	
7.830000e+01	0	0	-1.419193e+01	1.517428e+01	
7.835000e+01	0	0	-1.905667e+01	1.319012e+00	
7.840000e+01	0	0	-1.994049e-01	-1.257008e+01	
7.845000e+01	0	0	-1.017569e+01	1.377910e+01	
7.850000e+01	0	0	1.006854e+01	1.170375e+01	
7.855000e+01	0	0	-3.656554e+01	1.251368e+01	
7.860000e+01	0	0	-5.191127e+00	-1.666525e+01	
7.865000e+01	0	0	6.654131e+00	-1.037482e+01	
7.870000e+01	0	0	3.570708e+01	7.922801e+00	
7.875000e+01	0	0	4.067520e+00	2.032793e+01	
7.880000e+01	0	0	-3.606781e+00	-3.677238e+01	
7.885000e+01	0	0	1.293477e+01	1.552224e+01	
7.890000e+01	0	0	1.821988e+01	-9.729712e+00	
7.895000e+01	0	0	1.608548e+01	-1.026117e+01	
79	0	0	-2.644642e+01	-1.204118e+01	
7.905000e+01	0	0	-1.192488e+01	-1.977379e+01	
7.910000e+01	0	0	-1.392087e+01	5.934385e+00	
7.915000e+01	0	0	-2.937841e+00	-9.025687e+00	
7.920000e+01	0	0	-3.123465e+01	-2.489614e+01	
7.925000e+01	0	0	-3.389680e-01	1.104385e+01	
7.930000e+01	0	0	-2.402399e+01	1.334869e+01	
7.935000e+01	0	0	2.829942e+00	-2.986761e+01	
7.940000e+01	0	0	1.216497e+01	8.457850e+00	
7.945000e+01	0	0	6.394598e+00	1.390766e+01	
7.950000e+01	0	0	-1.870208e+01	-2.370103e+00	
7.955000e+01	0	0	-5.870143e+00	-2.459415e+01	
7.960000e+01	0	0	5.917007e+00	1.012749e+01	
7.965000e+01	0	0	-2.069755e+01	6.412074e+00	
7.970000e+01	0	0	-1.993489e+01	-1.367190e+01	
7.975000e+01	0	0	-2.673755e+01	2.743239e+01	
7.980000e+01	0	0	1.941319e+01	-1.468904e+01	
7.985000e+01	0	0	1.010497e+01	8.886373e+00	
7.990000e+01	0	0	1.197606e+00	-2.270021e+00	
7.995000e+01	0	0	1.120442e+01	1.699436e+01	
80	0	0	1.552270e+01	-1.648126e+01	
8.005000e+01	0	0	1.065220e+00	6.268211e+00	
8.010000e+01	0	0	1.499345e+01	6.900249e+00	
8.015000e+01	0	0	1.034187e+01	-8.040083e-02	
8.020000e+01	0	0	8.606512e-01	-1.433603e+01	
8.025000e+01	0	0	1.007535e+01	4.534383e+00	
8.030000e+01	0	0	1.339919e+01	-8.791755e+00	
8.035000e+01	0	0	1.638787e+01	-2.062936e-01	
8.040000e+01	0	0	1.085713e+01	-7.898168e+00	
8.045000e+01	0	0	2.598750e-01	-6.908130e+00	
8.050000e+01	0	0	3.534202e+00	-5.668442e+00	
8.055000e+01	0	0	1.958570e+01	7.704463e+00	
8.060000e+01	0	0	6.599459e+00	-9.823208e+00	
8.065000e+01	0	0	-2.359814e+01	1.681889e+01	
8.070000e+01	0	0	-6.689538e+00	-1.306911e+01	
8.075000e+01	0	0	2.643800e+00	-2.513608e+01	
8.080000e+01	0	0	6.021771e+00	-1.358634e+01	
8.085000e+01	0	0	1.392826e+01	6.536425e+00	
8.090000e+01	0	0	-6.982427e+00	-1.749771e+01	
8.095000e+01	0	0	-1.104164e+01	-2.870632e+01	
81	0	0	-1.052930e+01	1.825436e+01	
8.105000e+01	0	0	2.264989e+01	6.869517e-01	
8.110000e+01	0	0	7.348864e+00	4.820939e+00	
8.115000e+01	0	0	9.957006e+00	-5.200368e+00	
8.120000e+01	0	0	1.389336e+01	7.067999e+00	
8.125000e+01	0	0	7.450593e+00	1.485037e+01	
8.130000e+01	0	0	-3.330093e+00	-5.492513e+00	
8.135000e+01	0	0	-4.943630e-01	-1.340248e+01	
8.140000e+01	0	0	1.214169e+01	1.116071e+00	
8.145000e+01	0	0	-1.369002e+01	1.154077e+01	
8.150000e+01	0	0	-3.682735e+00	-6.143624e+00	
8.155000e+01	0	0	-9.395559e+00	-1.111992e+01	
8.160000e+01	0	0	-9.957853e+00	5.660799e-01	
8.165000e+01	0	0	-1.886454e+00	-2.741996e+01	
8.170000e+01	0	0	-1.176528e+01	2.493327e+00	
8.175000e+01	0	0	9.783426e-01	1.265361e+01	
8.180000e+01	0	0	-2.610665e+00	5.068872e+00	
8.185000e+01	0	0	8.747050e+00	-1.253802e+01	
8.190000e+01	0	0	7.781619e+00	-5.929636e+00	
8.195000e+01	0	0	-1.143546e+01	-7.669108e+00	
82	0	0	5.750627e+00	-5.994509e+00	
8.205000e+01	0	0	-1.184735e+01	-3.697213e+00	
8.210000e+01	0	0	-2.827008e+00	-1.174778e+00	
8.215000e+01	0	0	2.705528e+00	9.084666e-01	
8.220000e+01	0	0	7.110736e+00	-1.945465e+01	
8.225000e+01	0	0	-2.446528e+01	7.805610e+00	
8.230000e+01	0	0	-8.109343e+00	-4.487164e+00	
8.235000e+01	0	0	-1.792617e+00	2.033331e+01	
8.240000e+01	0	0	1.755055e+00	-5.651826e+00	
8.245000e+01	0	0	6.432208e-01	1.125185e-01	
8.250000e+01	0	0	4.257931e+00	6.170563e+00	
8.255000e+01	0	0	-5.630186e+00	2.086138e+01	
8.260000e+01	0	0	6.585828e+00	1.990370e+01	
8.265000e+01	0	0	1.252905e+00	-1.955242e+01	
8.270000e+01	0	0	-8.932135e-01	-9.451602e-01	
8.275000e+01	0	0	3.583549e+00	1.759797e+00	
8.280000e+01	0	0	-6.122261e+00	-9.200947e+00	
8.285000e+01	0	0	1.199677e+01	1.659573e+00	
8.290000e+01	0	0	-1.051626e+00	1.011621e+01	
8.295000e+01	0	0	-2.709699e+01	1.886652e+00	
83	0	0	-2.275702e+01	3.103612e+00	
8.305000e+01	0	0	1.333727e+00	-1.599142e+01	
8.310000e+01	0	0	1.199080e+01	-2.586775e+00	
8.315000e+01	0	0	5.695409e+00	9.800236e+00	
8.320000e+01	0	0	1.997287e+00	-2.567466e+00	
8.325000e+01	0	0	-2.009919e+00	4.144889e+00	
8.330000e+01	0	0	1.238409e+01	4.495972e+00	
8.335000e+01	0	0	-7.001167e+00	2.979626e+00	
8.340000e+01	0	0	-1.050801e+01	-1.313052e+01	
8.345000e+01	0	0	5.477053e+00	-3.500724e+00	
8.350000e+01	0	0	-8.055322e+00	-1.260463e+01	
8.355000e+01	0	0	-6.982635e+00	6.902341e+00	
8.360000e+01	0	0	-8.094920e+00	-8.353560e+00	
8.365000e+01	0	0	1.443799e+00	1.664415e+01	
8.370000e+01	0	0	-3.667636e-01	-6.355007e+00	
8.375000e+01	0	0	1.113970e+01	9.286317e+00	
8.380000e+01	0	0	-4.505986e+00	5.089026e+00	
8.385000e+01	0	0	4.320756e+00	9.708695e+00	
8.390000e+01	0	0	-2.758885e+01	1.974832e+01	
8.395000e+01	0	0	3.739049e+00	-7.056036e+00	
84	0	0	3.576755e+01	4.800785e+00	
8.405000e+01	0	0	1.555803e+01	-1.137920e+01	
8.410000e+01	0	0	-1.966473e+00	5.563474e+00	
8.415000e+01	0	0	-1.291228e+01	-7.754860e+00	
8.420000e+01	0	0	6.374905e+00	-1.224462e+01	
8.425000e+01	0	0	-2.837077e-01	2.573440e+00	
8.430000e+01	0	0	-2.687068e+00	1.795540e+00	
8.435000e+01	0	0	-7.925997e+00	6.744456e+00	
8.440000e+01	0	0	1.625196e+01	9.294451e+00	
8.445000e+01	0	0	4.926140e+00	-1.606464e+01	
8.450000e+01	0	0	-8.823575e+00	1.293864e+01	
8.455000e+01	0	0	-4.810334e+00	7.757479e+00	
8.460000e+01	0	0	1.935991e+01	6.823545e+00	
8.465000e+01	0	0	-6.936882e+00	-5.222754e-01	
8.470000e+01	0	0	2.510385e+00	8.952334e+00	
8.475000e+01	0	0	3.002682e+01	6.877899e-01	
8.480000e+01	0	0	-1.264195e+01	-6.490457e+00	
8.485000e+01	0	0	2.793651e+00	-1.947345e+01	
8.490000e+01	0	0	-3.686677e-01	-7.143210e+00	
8.495000e+01	0	0	9.152364e+00	2.690329e+01	
85	0	0	-1.042002e+01	5.033283e+00	
8.505000e+01	0	0	-1.882104e+00	-1.489557e+01	
8.510000e+01	0	0	-7.926291e+00	3.527213e+00	
8.515000e+01	0	0	-9.521648e+00	8.705381e+00	
8.520000e+01	0	0	-4.390079e+00	3.436823e+01	
8.525000e+01	0	0	-5.744648e+00	8.229840e+00	
8.530000e+01	0	0	-5.482420e+00	-6.760562e+00	
8.535000e+01	0	0	8.781068e+00	-8.788392e+00	
8.540000e+01	0	0	2.052539e+00	6.159539e+00	
8.545000e+01	0	0	2.053942e+01	-7.880022e+00	
8.550000e+01	0	0	1.802816e+01	1.486707e+01	
8.555000e+01	0	0	-2.503394e-01	1.129116e+00	
8.560000e+01	0	0	-1.585272e+01	1.588258e+01	
8.565000e+01	0	0	3.249219e+01	3.557469e+00	
8.570000e+01	0	0	-2.036163e+00	-1.628284e+01	
8.575000e+01	0	0	-2.087565e+00	7.529636e+00	
8.580000e+01	0	0	7.014044e+00	-2.183433e+00	
8.585000e+01	0	0	-6.186310e+00	7.111732e-01	
8.590000e+01	0	0	-7.062911e-01	-7.263141e+00	
8.595000e+01	0	0	-4.553479e+00	8.951770e-01	
86	0	0	-4.134538e+00	-4.787046e+00	
8.605000e+01	0	0	1.300205e+01	3.799089e-01	
8.610000e+01	0	0	7.526978e+00	-2.540062e+00	
8.615000e+01	0	0	-7.018709e+00	5.136630e+00	
8.620000e+01	0	0	1.301705e+01	-2.206764e+01	
8.625000e+01	0	0	2.757131e+00	1.116628e+01	
8.630000e+01	0	0	1.214524e+01	-2.312685e+01	
8.635000e+01	0	0	1.350794e+00	-6.333961e+00	
8.640000e+01	0	0	-1.068078e+01	1.196375e+01	
8.645000e+01	0	0	-1.150949e+01	-3.475542e+00	
8.650000e+01	0	0	-1.031647e+01	6.710052e+00	
8.655000e+01	0	0	3.542685e+00	1.470849e+01	
8.660000e+01	0	0	-1.225222e+01	1.098605e+01	
8.665000e+01	0	0	1.343994e+00	-8.942839e+00	
8.670000e+01	0	0	-1.387573e+00	-4.578190e+00	
8.675000e+01	0	0	-6.362933e+00	2.208130e+01	
8.680000e+01	0	0	-1.335747e+01	-3.641084e+00	
8.685000e+01	0	0	-5.197777e+00	-2.323223e+01	
8.690000e+01	0	0	-7.129525e+00	-2.162521e+00	
8.695000e+01	0	0	1.817873e+01	-2.659715e+01	
87	0	0	-1.310336e+00	-8.035701e+00	
8.705000e+01	0	0	5.930303e+00	-3.039967e+01	
8.710000e+01	0	0	1.345802e+00	-1.701380e+01	
8.715000e+01	0	0	-5.648735e+00	-1.289932e+01	
8.720000e+01	0	0	9.920684e-01	4.447316e+00	
8.725000e+01	0	0	-1.189668e+01	-2.189778e+00	
8.730000e+01	0	0	-1.493916e+01	-3.249207e+00	
8.735000e+01	0	0	1.450253e+01	8.870841e+00	
8.740000e+01	0	0	1.867656e+00	1.778971e+01	
8.745000e+01	0	0	7.155248e+00	-1.037786e+01	
8.750000e+01	0	0	1.161244e-01	-1.504236e+00	
8.755000e+01	0	0	-1.669024e+01	1.257937e+00	
8.760000e+01	0	0	1.923801e+00	-1.297680e+01	
8.765000e+01	0	0	-4.998990e+00	7.803099e+00	
8.770000e+01	0	0	-1.506181e+01	1.486638e+01	
8.775000e+01	0	0	1.533781e+00	1.997868e+00	
8.780000e+01	0	0	1.313925e+01	8.590094e+00	
8.785000e+01	0	0	3.464852e+00	-1.710749e+00	
8.790000e+01	0	0	1.448557e+01	-1.568616e+01	
8.795000e+01	0	0	1.102693e+00	1.786417e+00	
88	0	0	6.849952e-01	-1.945085e+01	
8.805000e+01	0	0	2.125350e+01	-6.487862e+00	
8.810000e+01	0	0	2.233597e+01	-2.733054e+00	
8.815000e+01	0	0	3.196975e+00	2.348085e+00	
8.820000e+01	0	0	4.584376e+00	-2.274433e+01	
8.825000e+01	0	0	-8.198879e+00	-1.404003e+01	
8.830000e+01	0	0	2.450957e+01	8.999289e+00	
8.835000e+01	0	0	2.768595e+00	-8.319822e+00	
8.840000e+01	0	0	1.135211e+01	-1.404452e+01	
8.845000e+01	0	0	-8.712010e+00	-1.091326e+01	
8.850000e+01	0	0	1.480084e+01	-1.030233e+01	
8.855000e+01	0	0	-5.107081e+00	-5.266315e+00	
8.860000e+01	0	0	1.586448e+01	-1.000714e+01	
8.865000e+01	0	0	-2.347830e+00	3.126591e+01	
8.870000e+01	0	0	2.922210e+00	7.491419e+00	
8.875000e+01	0	0	1.729066e+01	1.180171e+01	
8.880000e+01	0	0	9.409723e-01	-1.021968e+01	
8.885000e+01	0	0	3.886917e+00	2.452452e+01	
8.890000e+01	0	0	-4.330952e+00	2.415481e+00	
8.895000e+01	0	0	5.993735e-01	4.387089e+00	
89	0	0	-7.806183e-01	3.211407e+01	
8.905000e+01	0	0	1.376478e+01	1.908164e+01	
8.910000e+01	0	0	2.356767e+01	9.844180e+00	
8.915000e+01	0	0	-2.861304e-01	-5.503166e+00	
8.920000e+01	0	0	-1.619302e+01	-2.489596e+00	
8.925000e+01	0	0	-1.835979e+01	-5.662202e+00	
8.930000e+01	0	0	-9.396995e-01	-9.116611e+00	
8.935000e+01	0	0	-7.266380e+00	-5.878775e+00	
8.940000e+01	0	0	-1.803931e+00	4.682341e+00	
8.945000e+01	0	0	-1.034498e+01	1.092315e+01	
8.950000e+01	0	0	9.701015e+00	-6.533143e+00	
8.955000e+01	0	0	9.042752e+00	-1.344265e+01	
8.960000e+01	0	0	8.965060e+00	-1.171694e+01	
8.965000e+01	0	0	2.809344e+01	-6.331172e+00	
8.970000e+01	0	0	1.000415e+01	1.894585e+01	
8.975000e+01	0	0	-8.621198e-02	1.167742e+01	
8.980000e+01	0	0	-5.716271e+00	3.329499e+00	
8.985000e+01	0	0	1.413960e+01	4.790371e+00	
8.990000e+01	0	0	-9.734590e-01	2.516231e+01	
8.995000e+01	0	0	-3.119977e+00	2.050510e+00	
