Complete: [12, 6, 10, 4, 1, 10, 3, 3, 7, 18, 9, 1, 9, 18, 2, 16, 12, 2, 11, 30, 5, 11, 3, 25, 9, 2, 3, 4, 8, 11, 8, 20, 25, 6, 2, 9, 5, 21, 3]
Jump: [1, 0, 1, 0, 0, 0, 0, 0, 0, 4, 0, 0, 0, 0, 0, 0, 0, 0, 0, 0, 0, 0, 0, 3, 0, 1, 0, 0, 0, 0, 0, 1, 8, 0, 0, 0, 0, 0, 0]
Occ Per Complete: [[0, 0, 0, 3, 0, 1, 4, 0, 7, 4, 0, 3, 0], [2, 2, 0, 0, 12, 0], [29, 0, 4, 3, 0, 1, 0, 1, 0, 0, 0], [25, 2, 2, 2], [15], [0, 0, 0, 0, 1, 0, 1, 0, 0, 2], [5, 2, 13], [7, 4, 16], [7, 0, 0, 13, 0, 1, 3], [1, 1, 3, 1, 0, 1, 0, 13, 6, 0, 8, 1, 5, 0, 3, 0, 0, 0, 0, 0, 0, 0], [5, 0, 0, 0, 4, 1, 2, 0, 5], [7], [1, 0, 3, 0, 1, 0, 0, 1, 1], [0, 0, 1, 1, 3, 2, 0, 0, 0, 0, 5, 0, 0, 0, 4, 0, 1, 3], [16, 7], [1, 0, 0, 4, 0, 0, 0, 0, 5, 0, 20, 0, 14, 0, 2, 0], [4, 1, 1, 1, 5, 0, 1, 2, 2, 1, 0, 0], [0, 0], [2, 7, 0, 0, 0, 0, 3, 4, 0, 6, 0], [0, 1, 0, 0, 0, 1, 0, 0, 0, 1, 4, 0, 0, 2, 0, 0, 0, 2, 0, 0, 0, 0, 0, 1, 1, 0, 0, 0, 0, 0], [0, 12, 1, 4, 0], [0, 0, 0, 2, 0, 14, 0, 1, 0, 2, 0], [0, 1, 0], [1, 8, 0, 0, 1, 0, 0, 0, 16, 0, 1, 0, 1, 0, 1, 7, 0, 1, 0, 1, 0, 0, 0, 0, 0, 0, 0, 0], [0, 0, 8, 0, 2, 0, 0, 2, 0], [3, 3, 1], [35, 2, 0], [7, 0, 5, 0], [3, 0, 2, 0, 2, 0, 1, 2], [0, 3, 1, 0, 5, 0, 2, 0, 2, 3, 1], [0, 2, 4, 0, 1, 0, 5, 0], [0, 0, 0, 1, 1, 0, 0, 1, 2, 0, 1, 0, 0, 0, 5, 0, 19, 0, 0, 0, 1], [1, 0, 0, 7, 0, 8, 0, 0, 0, 1, 0, 1, 1, 2, 0, 0, 0, 2, 0, 1, 0, 0, 0, 3, 0, 0, 0, 3, 0, 1, 0, 1, 0], [1, 4, 11, 6, 1, 0], [0, 0], [4, 3, 0, 0, 0, 1, 5, 0, 1], [10, 1, 0, 0, 1], [0, 4, 0, 0, 1, 1, 1, 5, 0, 1, 0, 2, 1, 4, 1, 0, 0, 0, 0, 5, 2], [20, 0, 0]]
Total Time: 1072.75
Jump: 19
Jump+Occ: 774
Total Unproductive Occ:  755
Total Unproductive Occ from Sum:  755
Total Productive occ:  364
Total Productive/sec:  0.33931484502446985
Ratio of Productive to Unproductive;  0.4821192052980132
Unproductive Occlusion from Zero State:  386
Unproductive Occlusion from Two State:  369
